1123 <- 1063 (7.5742, 98.1017)
1138 <- 1063 (7.5742, 97.8305)
1144 <- 1063 (7.5742, 92.4746)
1179 <- 1063 (7.5742, 99.1864)
1139 <- 1063 (7.5742, 98.7797)
1154 <- 1063 (7.5742, 81.6271)
1361 <- 1063 (7.5742, 87.7288)
1123 <- 1114 (10.9685, 88.3895)
1138 <- 1114 (10.9685, 91.9007)
1144 <- 1114 (10.9685, 90.309)
1179 <- 1114 (10.9685, 95.927)
1139 <- 1114 (10.9685, 88.6704)
1361 <- 1114 (10.9685, 90.8708)
1138 <- 1123 (12.3601, 97.5488)
1144 <- 1123 (12.3601, 88.6996)
1179 <- 1123 (12.3601, 98.6705)
1139 <- 1123 (12.3601, 93.3943)
1361 <- 1123 (12.3601, 83.9219)
1144 <- 1138 (16.3295, 86.1006)
1179 <- 1138 (16.3295, 92.7987)
1361 <- 1138 (16.3295, 84.0881)
1147 <- 1075 (8.0723, 80.3435)
1361 <- 1075 (8.0723, 86.7684)
1179 <- 1144 (18.0035, 83.7422)
1361 <- 1144 (18.0035, 89.5893)
1179 <- 1139 (16.8789, 80.9249)
1361 <- 1179 (20.3553, 80.3229)
1361 <- 1142 (17.6954, 80.4121)
1361 <- 1148 (26.7023, 85.0192)
1361 <- 1149 (30.076, 91.2412)
1114 <- 1063 1144 (7.00421, 80.7918)
1138 <- 1063 1123 (7.43042, 98.8252)
1123 <- 1063 1138 (7.40988, 99.0991)
1144 <- 1063 1123 (7.43042, 94.0567)
1123 <- 1063 1144 (7.00421, 99.7801)
1179 <- 1063 1123 (7.43042, 99.9309)
1123 <- 1063 1179 (7.51258, 98.838)
1139 <- 1063 1123 (7.43042, 99.6545)
1123 <- 1063 1139 (7.48177, 98.9705)
1154 <- 1063 1123 (7.43042, 81.7554)
1361 <- 1063 1123 (7.43042, 87.5605)
1144 <- 1063 1138 (7.40988, 93.4858)
1138 <- 1063 1144 (7.00421, 98.9003)
1179 <- 1063 1138 (7.40988, 99.9307)
1138 <- 1063 1179 (7.51258, 98.5646)
1139 <- 1063 1138 (7.40988, 99.7921)
1138 <- 1063 1139 (7.48177, 98.8332)
1154 <- 1063 1138 (7.40988, 81.982)
1361 <- 1063 1138 (7.40988, 87.8725)
1179 <- 1063 1144 (7.00421, 99.9267)
1144 <- 1063 1179 (7.51258, 93.1647)
1139 <- 1063 1144 (7.00421, 99.7067)
1144 <- 1063 1139 (7.48177, 93.3425)
1154 <- 1063 1144 (7.00421, 81.5982)
1361 <- 1063 1144 (7.00421, 88.1232)
1139 <- 1063 1179 (7.51258, 99.5215)
1179 <- 1063 1139 (7.48177, 99.9314)
1154 <- 1063 1179 (7.51258, 81.8182)
1361 <- 1063 1179 (7.51258, 87.7649)
1154 <- 1063 1139 (7.48177, 81.9492)
1361 <- 1063 1139 (7.48177, 87.7831)
1138 <- 1114 1123 (9.69498, 99.0996)
1123 <- 1114 1138 (10.0801, 95.3133)
1144 <- 1114 1123 (9.69498, 94.7034)
1123 <- 1114 1144 (9.90552, 92.6905)
1114 <- 1123 1144 (10.9633, 83.7471)
1179 <- 1114 1123 (9.69498, 99.5233)
1123 <- 1114 1179 (10.5217, 91.7033)
1139 <- 1114 1123 (9.69498, 95.1271)
1123 <- 1114 1139 (9.72579, 94.8258)
1123 <- 1114 1154 (8.09284, 91.9416)
1361 <- 1114 1123 (9.69498, 91.6843)
1123 <- 1114 1361 (9.96714, 89.1808)
1114 <- 1123 1361 (10.3728, 85.6931)
1144 <- 1114 1138 (10.0801, 93.6322)
1138 <- 1114 1144 (9.90552, 95.2825)
1179 <- 1114 1138 (10.0801, 98.9302)
1138 <- 1114 1179 (10.5217, 94.7779)
1139 <- 1114 1138 (10.0801, 92.053)
1138 <- 1114 1139 (9.72579, 95.4065)
1138 <- 1114 1154 (8.09284, 92.7665)
1361 <- 1114 1138 (10.0801, 91.6454)
1138 <- 1114 1361 (9.96714, 92.6842)
1179 <- 1114 1144 (9.90552, 97.719)
1144 <- 1114 1179 (10.5217, 91.9961)
1139 <- 1114 1144 (9.90552, 91.0316)
1144 <- 1114 1139 (9.72579, 92.7138)
1144 <- 1114 1154 (8.09284, 90.9264)
1361 <- 1114 1144 (9.90552, 92.2758)
1144 <- 1114 1361 (9.96714, 91.7053)
1139 <- 1114 1179 (10.5217, 91.1664)
1179 <- 1114 1139 (9.72579, 98.6272)
1179 <- 1114 1154 (8.09284, 97.2081)
1361 <- 1114 1179 (10.5217, 91.2152)
1179 <- 1114 1361 (9.96714, 96.2906)
1154 <- 1114 1139 (9.72579, 80.5174)
1139 <- 1114 1154 (8.09284, 96.764)
1361 <- 1114 1139 (9.72579, 94.1394)
1139 <- 1114 1361 (9.96714, 91.8599)
1361 <- 1114 1154 (8.09284, 93.7817)
1144 <- 1123 1138 (12.0571, 89.7359)
1138 <- 1123 1144 (10.9633, 98.6885)
1179 <- 1123 1138 (12.0571, 99.5315)
1138 <- 1123 1179 (12.1957, 98.4)
1139 <- 1123 1138 (12.0571, 94.5911)
1138 <- 1123 1139 (11.5436, 98.7989)
1123 <- 1138 1139 (11.9493, 95.4448)
1123 <- 1138 1132 (7.4561, 89.8072)
1138 <- 1123 1154 (9.35093, 98.7919)
1123 <- 1138 1154 (10.0082, 92.3037)
1361 <- 1123 1138 (12.0571, 84.6678)
1138 <- 1123 1361 (10.3728, 98.4158)
1179 <- 1123 1144 (10.9633, 99.3911)
1144 <- 1123 1179 (12.1957, 89.3474)
1139 <- 1123 1144 (10.9633, 95.2693)
1144 <- 1123 1139 (11.5436, 90.4804)
1123 <- 1144 1139 (11.2817, 92.5808)
1144 <- 1123 1154 (9.35093, 89.017)
1123 <- 1144 1154 (9.92092, 83.9027)
1361 <- 1123 1144 (10.9633, 88.0562)
1144 <- 1123 1361 (10.3728, 93.0693)
1139 <- 1123 1179 (12.1957, 94.4)
1179 <- 1123 1139 (11.5436, 99.7331)
1123 <- 1179 1139 (13.6592, 84.2857)
1123 <- 1179 1132 (7.78987, 87.4753)
1179 <- 1123 1154 (9.35093, 99.6156)
1361 <- 1123 1179 (12.1957, 84.2526)
1179 <- 1123 1361 (10.3728, 99.0594)
1123 <- 1139 1132 (7.53312, 89.2979)
1139 <- 1123 1154 (9.35093, 98.5173)
1361 <- 1123 1139 (11.5436, 87.5)
1139 <- 1123 1361 (10.3728, 97.3762)
1361 <- 1123 1154 (9.35093, 86.2164)
1179 <- 1138 1144 (14.0598, 93.9737)
1144 <- 1138 1179 (15.1535, 87.1908)
1138 <- 1144 1179 (15.0765, 87.6362)
1144 <- 1138 1139 (11.9493, 86.807)
1138 <- 1144 1139 (11.2817, 91.9436)
1144 <- 1138 1132 (7.4561, 86.2948)
1138 <- 1144 1149 (7.71285, 80.6258)
1144 <- 1138 1154 (10.0082, 82.8117)
1138 <- 1144 1154 (9.92092, 83.5404)
1361 <- 1138 1144 (14.0598, 90.3579)
1144 <- 1138 1361 (13.7311, 92.5206)
1179 <- 1138 1139 (11.9493, 99.5273)
1138 <- 1179 1139 (13.6592, 87.0677)
1179 <- 1138 1132 (7.4561, 98.2094)
1138 <- 1179 1132 (7.78987, 94.0013)
1179 <- 1138 1154 (10.0082, 97.9477)
1361 <- 1138 1179 (15.1535, 83.9038)
1179 <- 1138 1361 (13.7311, 92.5954)
1139 <- 1138 1132 (7.4561, 92.7686)
1138 <- 1139 1132 (7.53312, 91.82)
1154 <- 1138 1139 (11.9493, 80.1891)
1139 <- 1138 1154 (10.0082, 95.7414)
1361 <- 1138 1139 (11.9493, 85.174)
1361 <- 1138 1132 (7.4561, 85.8815)
1361 <- 1138 1154 (10.0082, 82.4525)
1147 <- 1075 1361 (7.00421, 83.9443)
1179 <- 1144 1139 (11.2817, 96.8594)
1144 <- 1179 1139 (13.6592, 80)
1144 <- 1179 1132 (7.78987, 83.5201)
1179 <- 1144 1149 (7.71285, 87.4168)
1144 <- 1179 1149 (8.16987, 82.5267)
1179 <- 1144 1154 (9.92092, 91.9772)
1179 <- 1144 1155 (8.16987, 81.8353)
1361 <- 1144 1179 (15.0765, 89.9864)
1179 <- 1144 1361 (16.1292, 84.1133)
1144 <- 1179 1361 (16.35, 82.9774)
1144 <- 1139 1132 (7.53312, 81.4588)
1139 <- 1144 1154 (9.92092, 90.4762)
1361 <- 1144 1139 (11.2817, 90.396)
1361 <- 1144 1149 (7.71285, 93.4754)
1361 <- 1144 1154 (9.92092, 90.4762)
1361 <- 1144 1155 (8.16987, 89.5663)
1361 <- 1208 1155 (7.20961, 83.9744)
1139 <- 1179 1132 (7.78987, 91.8919)
1179 <- 1139 1132 (7.53312, 95.0239)
1154 <- 1179 1139 (13.6592, 80.4887)
1139 <- 1179 1154 (12.7965, 85.9149)
1179 <- 1139 1154 (13.1098, 83.8621)
1139 <- 1179 1155 (9.52039, 80.6904)
1361 <- 1179 1139 (13.6592, 82.3308)
1179 <- 1139 1361 (13.0944, 85.8824)
1361 <- 1179 1132 (7.78987, 84.6407)
1361 <- 1179 1149 (8.16987, 92.3319)
1154 <- 1179 1155 (9.52039, 82.1467)
1361 <- 1179 1155 (9.52039, 85.0054)
1154 <- 1139 1132 (7.53312, 82.8221)
1361 <- 1139 1132 (7.53312, 83.4356)
1154 <- 1139 1155 (9.75146, 85.3081)
1361 <- 1139 1155 (9.75146, 83.7809)
1154 <- 1132 1155 (9.03256, 80.4434)
1361 <- 1132 1155 (9.03256, 83.9113)
1155 <- 1127 1154 (7.32772, 81.6398)
1361 <- 1127 1155 (7.56907, 80.8684)
1361 <- 1133 1155 (8.72959, 86.0588)
1155 <- 1130 1154 (7.68717, 82.2979)
1361 <- 1130 1155 (8.43689, 82.3494)
1361 <- 1142 1149 (7.47664, 92.6511)
1361 <- 1142 1152 (9.10958, 85.1747)
1155 <- 1142 1154 (9.39714, 83.0601)
1361 <- 1142 1155 (10.3728, 84.901)
1361 <- 1137 1147 (9.03256, 83.6839)
1361 <- 1137 1152 (8.00041, 83.7612)
1361 <- 1137 1155 (8.16987, 85.6065)
1361 <- 1147 1148 (7.91311, 84.8151)
1361 <- 1147 1149 (9.6693, 89.9097)
1361 <- 1147 1155 (13.0174, 81.499)
1361 <- 1148 1149 (8.12365, 91.7193)
1361 <- 1148 1152 (12.4782, 87.1605)
1361 <- 1148 1151 (9.09418, 83.5121)
1155 <- 1148 1154 (13.69, 82.7082)
1361 <- 1148 1154 (13.69, 83.6834)
1361 <- 1148 1155 (15.1433, 87.0125)
1361 <- 1149 1152 (14.3165, 92.0373)
1361 <- 1149 1153 (7.95933, 86)
1361 <- 1149 1151 (9.58201, 91.8006)
1361 <- 1149 1154 (15.4308, 90.3161)
1361 <- 1149 1155 (16.8019, 91.412)
1155 <- 1141 1361 (8.00555, 91.533)
1361 <- 1152 1155 (17.0997, 83.003)
1144 <- 1063 1123 1138 (7.34312, 94.3357)
1179 <- 1063 1123 1138 (7.34312, 99.9301)
1138 <- 1063 1123 1179 (7.42528, 98.8243)
1123 <- 1063 1138 1179 (7.40474, 99.0985)
1139 <- 1063 1123 1138 (7.34312, 99.7902)
1138 <- 1063 1123 1139 (7.40474, 98.9598)
1123 <- 1063 1138 1139 (7.39447, 99.0972)
1154 <- 1063 1123 1138 (7.34312, 81.958)
1361 <- 1063 1123 1138 (7.34312, 87.7622)
1144 <- 1063 1123 1179 (7.42528, 94.0526)
1144 <- 1063 1123 1139 (7.40474, 94.1748)
1139 <- 1063 1123 1179 (7.42528, 99.6542)
1179 <- 1063 1123 1139 (7.40474, 99.9307)
1123 <- 1063 1179 1139 (7.47664, 98.9698)
1154 <- 1063 1123 1179 (7.42528, 81.7427)
1361 <- 1063 1123 1179 (7.42528, 87.621)
1154 <- 1063 1123 1139 (7.40474, 81.9001)
1361 <- 1063 1123 1139 (7.40474, 87.656)
1144 <- 1063 1138 1179 (7.40474, 93.4813)
1144 <- 1063 1138 1139 (7.39447, 93.5417)
1139 <- 1063 1138 1179 (7.40474, 99.792)
1179 <- 1063 1138 1139 (7.39447, 99.9306)
1138 <- 1063 1179 1139 (7.47664, 98.8324)
1154 <- 1063 1138 1179 (7.40474, 81.9695)
1361 <- 1063 1138 1179 (7.40474, 87.9334)
1154 <- 1063 1138 1139 (7.39447, 82.0833)
1361 <- 1063 1138 1139 (7.39447, 87.9167)
1144 <- 1063 1179 1139 (7.47664, 93.3379)
1154 <- 1063 1179 1139 (7.47664, 81.9368)
1361 <- 1063 1179 1139 (7.47664, 87.8434)
1144 <- 1114 1123 1138 (9.60768, 94.7622)
1138 <- 1114 1123 1144 (9.18147, 99.1611)
1123 <- 1114 1138 1144 (9.43823, 96.4635)
1114 <- 1123 1138 1144 (10.8196, 84.1481)
1179 <- 1114 1123 1138 (9.60768, 99.5724)
1138 <- 1114 1123 1179 (9.64876, 99.1485)
1123 <- 1114 1138 1179 (9.97227, 95.932)
1139 <- 1114 1123 1138 (9.60768, 95.2432)
1138 <- 1114 1123 1139 (9.22255, 99.2205)
1123 <- 1114 1138 1139 (9.27904, 98.6165)
1114 <- 1123 1138 1139 (11.405, 80.2341)
1138 <- 1114 1123 1154 (7.44069, 99.4479)
1123 <- 1114 1138 1154 (7.50745, 98.5636)
1114 <- 1123 1138 1154 (9.23796, 80.1001)
1361 <- 1114 1123 1138 (9.60768, 91.876)
1138 <- 1114 1123 1361 (8.88877, 99.3068)
1123 <- 1114 1138 1361 (9.23796, 95.5531)
1114 <- 1123 1138 1361 (10.2085, 86.4688)
1179 <- 1114 1123 1144 (9.18147, 99.4966)
1144 <- 1114 1123 1179 (9.64876, 94.678)
1123 <- 1114 1144 1179 (9.67957, 94.3767)
1114 <- 1123 1144 1179 (10.8966, 83.836)
1139 <- 1114 1123 1144 (9.18147, 95.6376)
1144 <- 1114 1123 1139 (9.22255, 95.2116)
1123 <- 1114 1144 1139 (9.01715, 97.3804)
1114 <- 1123 1144 1139 (10.4447, 84.0708)
1144 <- 1114 1123 1154 (7.44069, 95.1001)
1123 <- 1114 1144 1154 (7.35853, 96.1619)
1114 <- 1123 1144 1154 (8.32392, 85.0093)
1361 <- 1114 1123 1144 (9.18147, 92.0022)
1144 <- 1114 1123 1361 (8.88877, 95.0318)
1123 <- 1114 1144 1361 (9.14039, 92.4157)
1114 <- 1123 1144 1361 (9.6539, 87.5)
1139 <- 1114 1123 1179 (9.64876, 95.3699)
1179 <- 1114 1123 1139 (9.22255, 99.7773)
1123 <- 1114 1179 1139 (9.59228, 95.9315)
1179 <- 1114 1123 1154 (7.44069, 99.931)
1123 <- 1114 1179 1154 (7.8669, 94.517)
1361 <- 1114 1123 1179 (9.64876, 91.6445)
1179 <- 1114 1123 1361 (8.88877, 99.4801)
1123 <- 1114 1179 1361 (9.59741, 92.1348)
1114 <- 1123 1179 1361 (10.2752, 86.057)
1154 <- 1114 1123 1139 (9.22255, 80.6236)
1139 <- 1114 1123 1154 (7.44069, 99.931)
1123 <- 1114 1139 1154 (7.83095, 94.9508)
1114 <- 1123 1139 1154 (9.21228, 80.7135)
1361 <- 1114 1123 1139 (9.22255, 94.6548)
1139 <- 1114 1123 1361 (8.88877, 98.2091)
1123 <- 1114 1139 1361 (9.1558, 95.3449)
1114 <- 1123 1139 1361 (10.1006, 86.426)
1361 <- 1114 1123 1154 (7.44069, 94.548)
1123 <- 1114 1154 1361 (7.58961, 92.6928)
1114 <- 1123 1154 1361 (8.06203, 87.2611)
1179 <- 1114 1138 1144 (9.43823, 98.9119)
1144 <- 1114 1138 1179 (9.97227, 93.6148)
1138 <- 1114 1144 1179 (9.67957, 96.4456)
1139 <- 1114 1138 1144 (9.43823, 92.4918)
1144 <- 1114 1138 1139 (9.27904, 94.0786)
1138 <- 1114 1144 1139 (9.01715, 96.8109)
1114 <- 1138 1144 1139 (10.3728, 84.1584)
1144 <- 1114 1138 1154 (7.50745, 93.9124)
1138 <- 1114 1144 1154 (7.35853, 95.813)
1114 <- 1138 1144 1154 (8.28797, 85.0682)
1361 <- 1114 1138 1144 (9.43823, 92.2742)
1144 <- 1114 1138 1361 (9.23796, 94.2746)
1138 <- 1114 1144 1361 (9.14039, 95.2809)
1139 <- 1114 1138 1179 (9.97227, 92.8939)
1179 <- 1114 1138 1139 (9.27904, 99.834)
1138 <- 1114 1179 1139 (9.59228, 96.5739)
1179 <- 1114 1138 1154 (7.50745, 99.9316)
1138 <- 1114 1179 1154 (7.8669, 95.3655)
1361 <- 1114 1138 1179 (9.97227, 91.6066)
1179 <- 1114 1138 1361 (9.23796, 98.8883)
1138 <- 1114 1179 1361 (9.59741, 95.1846)
1154 <- 1114 1138 1139 (9.27904, 80.7416)
1139 <- 1114 1138 1154 (7.50745, 99.7948)
1138 <- 1114 1139 1154 (7.83095, 95.6721)
1361 <- 1114 1138 1139 (9.27904, 94.5213)
1139 <- 1114 1138 1361 (9.23796, 94.9416)
1138 <- 1114 1139 1361 (9.1558, 95.7936)
1114 <- 1138 1139 1361 (10.1777, 86.1756)
1361 <- 1114 1138 1154 (7.50745, 94.3228)
1138 <- 1114 1154 1361 (7.58961, 93.3018)
1114 <- 1138 1154 1361 (8.25203, 85.8121)
1139 <- 1114 1144 1179 (9.67957, 92.2546)
1179 <- 1114 1144 1139 (9.01715, 99.0319)
1144 <- 1114 1179 1139 (9.59228, 93.0942)
1114 <- 1144 1179 1139 (10.9274, 81.7199)
1179 <- 1114 1144 1154 (7.35853, 98.6043)
1144 <- 1114 1179 1154 (7.8669, 92.2324)
1361 <- 1114 1144 1179 (9.67957, 92.0955)
1179 <- 1114 1144 1361 (9.14039, 97.5281)
1144 <- 1114 1179 1361 (9.59741, 92.8839)
1154 <- 1114 1144 1139 (9.01715, 80.2961)
1139 <- 1114 1144 1154 (7.35853, 98.395)
1144 <- 1114 1139 1154 (7.83095, 92.459)
1114 <- 1144 1139 1154 (8.97607, 80.6636)
1361 <- 1114 1144 1139 (9.01715, 94.59)
1139 <- 1114 1144 1361 (9.14039, 93.3146)
1144 <- 1114 1139 1361 (9.1558, 93.1576)
1114 <- 1144 1139 1361 (10.1982, 83.6354)
1361 <- 1114 1144 1154 (7.35853, 94.836)
1144 <- 1114 1154 1361 (7.58961, 91.9486)
1154 <- 1114 1179 1139 (9.59228, 80.5675)
1139 <- 1114 1179 1154 (7.8669, 98.2376)
1179 <- 1114 1139 1154 (7.83095, 98.6885)
1361 <- 1114 1179 1139 (9.59228, 94.1649)
1139 <- 1114 1179 1361 (9.59741, 94.1145)
1179 <- 1114 1139 1361 (9.1558, 98.654)
1114 <- 1179 1139 1361 (11.2458, 80.3196)
1361 <- 1114 1179 1154 (7.8669, 93.9948)
1179 <- 1114 1154 1361 (7.58961, 97.429)
1361 <- 1114 1139 1154 (7.83095, 94.1639)
1154 <- 1114 1139 1361 (9.1558, 80.5384)
1139 <- 1114 1154 1361 (7.58961, 97.1583)
1179 <- 1123 1138 1144 (10.8196, 99.4779)
1144 <- 1123 1138 1179 (12.0006, 89.6876)
1138 <- 1123 1144 1179 (10.8966, 98.7747)
1123 <- 1138 1144 1179 (13.2125, 81.4613)
1139 <- 1123 1138 1144 (10.8196, 95.6336)
1144 <- 1123 1138 1139 (11.405, 90.7249)
1138 <- 1123 1144 1139 (10.4447, 99.0659)
1123 <- 1138 1144 1139 (10.3728, 99.7525)
1144 <- 1123 1138 1154 (9.23796, 89.5497)
1138 <- 1123 1144 1154 (8.32392, 99.3831)
1123 <- 1138 1144 1154 (8.28797, 99.8141)
1361 <- 1123 1138 1144 (10.8196, 88.3246)
1144 <- 1123 1138 1361 (10.2085, 93.6117)
1138 <- 1123 1144 1361 (9.6539, 98.9894)
1139 <- 1123 1138 1179 (12.0006, 94.8652)
1179 <- 1123 1138 1139 (11.405, 99.8199)
1138 <- 1123 1179 1139 (11.5128, 98.8849)
1123 <- 1138 1179 1139 (11.8928, 95.7254)
1123 <- 1138 1179 1132 (7.32258, 91.3043)
1179 <- 1123 1138 1154 (9.23796, 99.8888)
1138 <- 1123 1179 1154 (9.31498, 99.0628)
1123 <- 1138 1179 1154 (9.80281, 94.1331)
1361 <- 1123 1138 1179 (12.0006, 84.6384)
1179 <- 1123 1138 1361 (10.2085, 99.497)
1138 <- 1123 1179 1361 (10.2752, 98.8506)
1154 <- 1123 1138 1139 (11.405, 80.009)
1139 <- 1123 1138 1154 (9.23796, 98.7771)
1138 <- 1123 1139 1154 (9.21228, 99.0524)
1123 <- 1138 1139 1154 (9.58201, 95.2304)
1361 <- 1123 1138 1139 (11.405, 87.6182)
1139 <- 1123 1138 1361 (10.2085, 97.8873)
1138 <- 1123 1139 1361 (10.1006, 98.9324)
1123 <- 1138 1139 1361 (10.1777, 98.1837)
1361 <- 1123 1138 1154 (9.23796, 86.4925)
1138 <- 1123 1154 1361 (8.06203, 99.1083)
1123 <- 1138 1154 1361 (8.25203, 96.8264)
1139 <- 1123 1144 1179 (10.8966, 95.5702)
1179 <- 1123 1144 1139 (10.4447, 99.705)
1144 <- 1123 1179 1139 (11.5128, 90.455)
1123 <- 1144 1179 1139 (10.9274, 95.3008)
1179 <- 1123 1144 1154 (8.32392, 99.8149)
1144 <- 1123 1179 1154 (9.31498, 89.1951)
1123 <- 1144 1179 1154 (9.12499, 91.0523)
1361 <- 1123 1144 1179 (10.8966, 88.0302)
1179 <- 1123 1144 1361 (9.6539, 99.3617)
1144 <- 1123 1179 1361 (10.2752, 93.3533)
1139 <- 1123 1144 1154 (8.32392, 99.8766)
1144 <- 1123 1139 1154 (9.21228, 90.2453)
1123 <- 1144 1139 1154 (8.97607, 92.6201)
1361 <- 1123 1144 1139 (10.4447, 90.4621)
1139 <- 1123 1144 1361 (9.6539, 97.8723)
1144 <- 1123 1139 1361 (10.1006, 93.5435)
1123 <- 1144 1139 1361 (10.1982, 92.6485)
1361 <- 1123 1144 1154 (8.32392, 90.438)
1144 <- 1123 1154 1361 (8.06203, 93.3758)
1123 <- 1144 1154 1361 (8.97607, 83.8673)
1123 <- 1179 1139 1132 (7.15826, 93.8307)
1139 <- 1123 1179 1154 (9.31498, 98.7321)
1179 <- 1123 1139 1154 (9.21228, 99.8328)
1123 <- 1179 1139 1154 (10.9941, 83.6525)
1123 <- 1179 1139 1155 (7.68204, 82.2861)
1361 <- 1123 1179 1139 (11.5128, 87.5112)
1139 <- 1123 1179 1361 (10.2752, 98.051)
1179 <- 1123 1139 1361 (10.1006, 99.7458)
1123 <- 1179 1139 1361 (11.2458, 89.589)
1361 <- 1123 1179 1154 (9.31498, 86.3286)
1179 <- 1123 1154 1361 (8.06203, 99.7452)
1123 <- 1179 1154 1361 (10.0031, 80.3901)
1361 <- 1123 1139 1154 (9.21228, 87.2352)
1139 <- 1123 1154 1361 (8.06203, 99.6815)
1179 <- 1138 1144 1139 (10.3728, 99.7525)
1144 <- 1138 1179 1139 (11.8928, 87.0035)
1138 <- 1144 1179 1139 (10.9274, 94.6898)
1144 <- 1138 1179 1132 (7.32258, 86.3955)
1179 <- 1138 1144 1154 (8.28797, 99.8141)
1144 <- 1138 1179 1154 (9.80281, 84.3897)
1138 <- 1144 1179 1154 (9.12499, 90.6584)
1361 <- 1138 1144 1179 (13.2125, 89.8951)
1179 <- 1138 1144 1361 (12.7041, 93.4923)
1144 <- 1138 1179 1361 (12.7144, 93.4168)
1138 <- 1144 1179 1361 (13.5668, 87.5473)
1139 <- 1138 1144 1154 (8.28797, 99.8761)
1144 <- 1138 1139 1154 (9.58201, 86.388)
1138 <- 1144 1139 1154 (8.97607, 92.2197)
1361 <- 1138 1144 1139 (10.3728, 90.495)
1144 <- 1138 1139 1361 (10.1777, 92.2301)
1138 <- 1144 1139 1361 (10.1982, 92.0443)
1138 <- 1144 1149 1361 (7.20961, 80.7692)
1361 <- 1138 1144 1154 (8.28797, 90.5204)
1144 <- 1138 1154 1361 (8.25203, 90.9147)
1138 <- 1144 1154 1361 (8.97607, 83.5812)
1139 <- 1138 1179 1132 (7.32258, 94.1795)
1138 <- 1179 1139 1132 (7.15826, 96.3415)
1154 <- 1138 1179 1139 (11.8928, 80.1813)
1139 <- 1138 1179 1154 (9.80281, 97.2761)
1179 <- 1138 1139 1154 (9.58201, 99.5177)
1138 <- 1179 1139 1154 (10.9941, 86.7352)
1138 <- 1179 1139 1155 (7.68204, 83.0214)
1361 <- 1138 1179 1139 (11.8928, 85.3195)
1179 <- 1138 1139 1361 (10.1777, 99.6973)
1138 <- 1179 1139 1361 (11.2458, 90.2283)
1361 <- 1138 1179 1132 (7.32258, 85.9046)
1361 <- 1138 1179 1154 (9.80281, 82.923)
1179 <- 1138 1154 1361 (8.25203, 98.5065)
1138 <- 1179 1154 1361 (10.0031, 81.2628)
1361 <- 1138 1139 1154 (9.58201, 84.7803)
1139 <- 1138 1154 1361 (8.25203, 98.4443)
1144 <- 1179 1139 1132 (7.15826, 85.4376)
1139 <- 1144 1179 1154 (9.12499, 95.3855)
1179 <- 1144 1139 1154 (8.97607, 96.968)
1361 <- 1144 1179 1139 (10.9274, 90.5545)
1179 <- 1144 1139 1361 (10.1982, 97.0292)
1144 <- 1179 1139 1361 (11.2458, 87.9909)
1179 <- 1144 1149 1361 (7.20961, 87.3932)
1144 <- 1179 1149 1361 (7.54339, 83.5262)
1361 <- 1144 1179 1154 (9.12499, 90.7147)
1179 <- 1144 1154 1361 (8.97607, 92.2197)
1144 <- 1179 1154 1361 (10.0031, 82.7515)
1179 <- 1144 1155 1361 (7.31745, 83.0175)
1361 <- 1144 1139 1154 (8.97607, 90.5606)
1139 <- 1144 1154 1361 (8.97607, 90.5606)
1154 <- 1179 1139 1132 (7.15826, 83.5007)
1361 <- 1179 1139 1132 (7.15826, 85.5093)
1154 <- 1179 1139 1155 (7.68204, 87.0321)
1139 <- 1179 1154 1155 (7.82068, 85.4892)
1179 <- 1139 1154 1155 (8.31878, 80.3704)
1361 <- 1179 1139 1154 (10.9941, 81.504)
1139 <- 1179 1154 1361 (10.0031, 89.5791)
1179 <- 1139 1154 1361 (10.1931, 87.9093)
1361 <- 1179 1139 1155 (7.68204, 87.2995)
1139 <- 1179 1155 1361 (8.09284, 82.868)
1179 <- 1139 1155 1361 (8.16987, 82.0867)
1361 <- 1179 1154 1155 (7.82068, 85.1609)
1154 <- 1179 1155 1361 (8.09284, 82.297)
1361 <- 1139 1154 1155 (8.31878, 83.2716)
1154 <- 1139 1155 1361 (8.16987, 84.7894)
1361 <- 1132 1154 1155 (7.2661, 84.947)
1155 <- 1132 1154 1361 (7.51258, 82.1599)
1154 <- 1132 1155 1361 (7.57934, 81.4363)
1155 <- 1133 1154 1361 (7.12745, 84.2939)
1361 <- 1142 1154 1155 (7.80528, 83.8158)
1155 <- 1142 1154 1361 (7.35339, 88.9665)
1361 <- 1147 1149 1155 (7.09664, 89.8698)
1361 <- 1147 1152 1155 (7.71798, 84.4311)
1155 <- 1147 1154 1361 (8.63716, 80.6183)
1361 <- 1148 1152 1155 (7.68717, 89.2452)
1361 <- 1148 1154 1155 (11.3228, 86.3492)
1155 <- 1148 1154 1361 (11.4563, 85.3429)
1155 <- 1149 1152 1154 (7.19934, 88.8017)
1361 <- 1149 1152 1154 (7.19934, 91.0128)
1361 <- 1149 1152 1155 (8.89391, 92.4942)
1361 <- 1149 1154 1155 (12.2522, 90.3185)
1361 <- 1152 1151 1155 (7.25069, 81.2323)
1361 <- 1152 1154 1155 (12.319, 81.7424)
1155 <- 1152 1154 1361 (11.4768, 87.7405)
1155 <- 1153 1154 1361 (7.96447, 84.5261)
1155 <- 1151 1154 1361 (8.00041, 86.3286)
1144 <- 1063 1123 1138 1179 (7.33799, 94.3317)
1144 <- 1063 1123 1138 1139 (7.32772, 94.3938)
1139 <- 1063 1123 1138 1179 (7.33799, 99.7901)
1179 <- 1063 1123 1138 1139 (7.32772, 99.9299)
1138 <- 1063 1123 1179 1139 (7.39961, 98.9591)
1123 <- 1063 1138 1179 1139 (7.38934, 99.0966)
1154 <- 1063 1123 1138 1179 (7.33799, 81.9454)
1361 <- 1063 1123 1138 1179 (7.33799, 87.8237)
1154 <- 1063 1123 1138 1139 (7.32772, 82.0603)
1361 <- 1063 1123 1138 1139 (7.32772, 87.8066)
1144 <- 1063 1123 1179 1139 (7.39961, 94.1707)
1154 <- 1063 1123 1179 1139 (7.39961, 81.8876)
1361 <- 1063 1123 1179 1139 (7.39961, 87.7169)
1144 <- 1063 1138 1179 1139 (7.38934, 93.5372)
1154 <- 1063 1138 1179 1139 (7.38934, 82.0709)
1361 <- 1063 1138 1179 1139 (7.38934, 87.9778)
1179 <- 1114 1123 1138 1144 (9.10445, 99.5488)
1144 <- 1114 1123 1138 1179 (9.5666, 94.7397)
1138 <- 1114 1123 1144 1179 (9.13526, 99.213)
1123 <- 1114 1138 1144 1179 (9.33552, 97.0847)
1114 <- 1123 1138 1144 1179 (10.7631, 84.208)
1139 <- 1114 1123 1138 1144 (9.10445, 95.7699)
1144 <- 1114 1123 1138 1139 (9.15066, 95.2862)
1138 <- 1114 1123 1144 1139 (8.78094, 99.2982)
1123 <- 1114 1138 1144 1139 (8.72959, 99.8824)
1114 <- 1123 1138 1144 1139 (10.3471, 84.268)
1144 <- 1114 1123 1138 1154 (7.39961, 95.2117)
1138 <- 1114 1123 1144 1154 (7.0761, 99.5646)
1123 <- 1114 1138 1144 1154 (7.05043, 99.9272)
1114 <- 1123 1138 1144 1154 (8.27257, 85.1645)
1361 <- 1114 1123 1138 1144 (9.10445, 92.2166)
1144 <- 1114 1123 1138 1361 (8.82715, 95.1134)
1138 <- 1114 1123 1144 1361 (8.44716, 99.3921)
1123 <- 1114 1138 1144 1361 (8.70905, 96.4033)
1114 <- 1123 1138 1144 1361 (9.55633, 87.856)
1139 <- 1114 1123 1138 1179 (9.5666, 95.4911)
1179 <- 1114 1123 1138 1139 (9.15066, 99.8316)
1138 <- 1114 1123 1179 1139 (9.20201, 99.2746)
1123 <- 1114 1138 1179 1139 (9.26363, 98.6142)
1114 <- 1123 1138 1179 1139 (11.3844, 80.2436)
1179 <- 1114 1123 1138 1154 (7.39961, 99.9306)
1138 <- 1114 1123 1179 1154 (7.43556, 99.4475)
1123 <- 1114 1138 1179 1154 (7.50231, 98.5626)
1114 <- 1123 1138 1179 1154 (9.22769, 80.1336)
1361 <- 1114 1123 1138 1179 (9.5666, 91.8411)
1179 <- 1114 1123 1138 1361 (8.82715, 99.5346)
1138 <- 1114 1123 1179 1361 (8.84256, 99.3612)
1123 <- 1114 1138 1179 1361 (9.13526, 96.1776)
1114 <- 1123 1138 1179 1361 (10.1571, 86.5015)
1154 <- 1114 1123 1138 1139 (9.15066, 80.8081)
1139 <- 1114 1123 1138 1154 (7.39961, 99.9306)
1138 <- 1114 1123 1139 1154 (7.43556, 99.4475)
1123 <- 1114 1138 1139 1154 (7.49204, 98.6977)
1114 <- 1123 1138 1139 1154 (9.12499, 81.0355)
1361 <- 1114 1123 1138 1139 (9.15066, 94.725)
1139 <- 1114 1123 1138 1361 (8.82715, 98.1966)
1138 <- 1114 1123 1139 1361 (8.72959, 99.2941)
1123 <- 1114 1138 1139 1361 (8.77067, 98.829)
1114 <- 1123 1138 1139 1361 (9.99281, 86.742)
1361 <- 1114 1123 1138 1154 (7.39961, 94.6565)
1138 <- 1114 1123 1154 1361 (7.03502, 99.562)
1123 <- 1114 1138 1154 1361 (7.08124, 98.9123)
1114 <- 1123 1138 1154 1361 (7.99014, 87.6607)
1139 <- 1114 1123 1144 1179 (9.13526, 95.8966)
1179 <- 1114 1123 1144 1139 (8.78094, 99.7661)
1144 <- 1114 1123 1179 1139 (9.20201, 95.2009)
1123 <- 1114 1144 1179 1139 (8.92986, 98.1024)
1114 <- 1123 1144 1179 1139 (10.4139, 84.1223)
1179 <- 1114 1123 1144 1154 (7.0761, 99.9274)
1144 <- 1114 1123 1179 1154 (7.43556, 95.0967)
1123 <- 1114 1144 1179 1154 (7.25583, 97.4522)
1114 <- 1123 1144 1179 1154 (8.30851, 85.1051)
1361 <- 1114 1123 1144 1179 (9.13526, 91.9618)
1179 <- 1114 1123 1144 1361 (8.44716, 99.4529)
1144 <- 1114 1123 1179 1361 (8.84256, 95.0058)
1123 <- 1114 1144 1179 1361 (8.91445, 94.2396)
1114 <- 1123 1144 1179 1361 (9.59228, 87.5803)
1154 <- 1114 1123 1144 1139 (8.78094, 80.5848)
1139 <- 1114 1123 1144 1154 (7.0761, 100)
1144 <- 1114 1123 1139 1154 (7.43556, 95.1657)
1123 <- 1114 1144 1139 1154 (7.24042, 97.7305)
1114 <- 1123 1144 1139 1154 (8.31365, 85.1143)
1361 <- 1114 1123 1144 1139 (8.78094, 94.6199)
1139 <- 1114 1123 1144 1361 (8.44716, 98.3587)
1144 <- 1114 1123 1139 1361 (8.72959, 95.1765)
1123 <- 1114 1144 1139 1361 (8.52932, 97.4112)
1114 <- 1123 1144 1139 1361 (9.4485, 87.9348)
1361 <- 1114 1123 1144 1154 (7.0761, 94.6299)
1144 <- 1114 1123 1154 1361 (7.03502, 95.1825)
1114 <- 1123 1144 1154 1361 (7.52799, 88.9495)
1154 <- 1114 1123 1179 1139 (9.20201, 80.7478)
1139 <- 1114 1123 1179 1154 (7.43556, 99.9309)
1179 <- 1114 1123 1139 1154 (7.43556, 99.9309)
1123 <- 1114 1179 1139 1154 (7.72825, 96.1462)
1114 <- 1123 1179 1139 1154 (9.19688, 80.7929)
1361 <- 1114 1123 1179 1139 (9.20201, 94.6429)
1139 <- 1114 1123 1179 1361 (8.84256, 98.4901)
1179 <- 1114 1123 1139 1361 (8.72959, 99.7647)
1123 <- 1114 1179 1139 1361 (9.03256, 96.4184)
1114 <- 1123 1179 1139 1361 (10.075, 86.4424)
1361 <- 1114 1123 1179 1154 (7.43556, 94.5442)
1179 <- 1114 1123 1154 1361 (7.03502, 99.927)
1123 <- 1114 1179 1154 1361 (7.39447, 95.0694)
1114 <- 1123 1179 1154 1361 (8.04149, 87.4202)
1361 <- 1114 1123 1139 1154 (7.43556, 94.6133)
1154 <- 1114 1123 1139 1361 (8.72959, 80.5882)
1139 <- 1114 1123 1154 1361 (7.03502, 100)
1123 <- 1114 1139 1154 1361 (7.37393, 95.4039)
1114 <- 1123 1139 1154 1361 (8.03636, 87.5399)
1139 <- 1114 1138 1144 1179 (9.33552, 93.3443)
1179 <- 1114 1138 1144 1139 (8.72959, 99.8235)
1144 <- 1114 1138 1179 1139 (9.26363, 94.0687)
1138 <- 1114 1144 1179 1139 (8.92986, 97.5848)
1114 <- 1138 1144 1179 1139 (10.3471, 84.2184)
1179 <- 1114 1138 1144 1154 (7.05043, 99.9272)
1144 <- 1114 1138 1179 1154 (7.50231, 93.9083)
1138 <- 1114 1144 1179 1154 (7.25583, 97.0984)
1114 <- 1138 1144 1179 1154 (8.27257, 85.1645)
1361 <- 1114 1138 1144 1179 (9.33552, 92.1892)
1179 <- 1114 1138 1144 1361 (8.70905, 98.8208)
1144 <- 1114 1138 1179 1361 (9.13526, 94.2102)
1138 <- 1114 1144 1179 1361 (8.91445, 96.5438)
1154 <- 1114 1138 1144 1139 (8.72959, 80.7647)
1139 <- 1114 1138 1144 1154 (7.05043, 100)
1144 <- 1114 1138 1139 1154 (7.49204, 94.1056)
1138 <- 1114 1144 1139 1154 (7.24042, 97.3759)
1114 <- 1138 1144 1139 1154 (8.2777, 85.1737)
1361 <- 1114 1138 1144 1139 (8.72959, 94.6471)
1139 <- 1114 1138 1144 1361 (8.70905, 94.8703)
1144 <- 1114 1138 1139 1361 (8.77067, 94.2037)
1138 <- 1114 1144 1139 1361 (8.52932, 96.8694)
1114 <- 1138 1144 1139 1361 (9.38687, 88.0197)
1361 <- 1114 1138 1144 1154 (7.05043, 94.756)
1144 <- 1114 1138 1154 1361 (7.08124, 94.3437)
1114 <- 1138 1144 1154 1361 (7.50231, 89.0486)
1154 <- 1114 1138 1179 1139 (9.26363, 80.8204)
1139 <- 1114 1138 1179 1154 (7.50231, 99.7947)
1179 <- 1114 1138 1139 1154 (7.49204, 99.9315)
1138 <- 1114 1179 1139 1154 (7.72825, 96.8771)
1361 <- 1114 1138 1179 1139 (9.26363, 94.5122)
1139 <- 1114 1138 1179 1361 (9.13526, 95.8404)
1179 <- 1114 1138 1139 1361 (8.77067, 99.8244)
1138 <- 1114 1179 1139 1361 (9.03256, 96.9301)
1114 <- 1138 1179 1139 1361 (10.1469, 86.2854)
1361 <- 1114 1138 1179 1154 (7.50231, 94.319)
1179 <- 1114 1138 1154 1361 (7.08124, 99.9275)
1138 <- 1114 1179 1154 1361 (7.39447, 95.6944)
1114 <- 1138 1179 1154 1361 (8.12879, 87.0499)
1361 <- 1114 1138 1139 1154 (7.49204, 94.5168)
1154 <- 1114 1138 1139 1361 (8.77067, 80.7377)
1139 <- 1114 1138 1154 1361 (7.08124, 100)
1138 <- 1114 1139 1154 1361 (7.37393, 96.0306)
1114 <- 1138 1139 1154 1361 (8.12365, 87.1681)
1154 <- 1114 1144 1179 1139 (8.92986, 80.4485)
1139 <- 1114 1144 1179 1154 (7.25583, 99.0092)
1179 <- 1114 1144 1139 1154 (7.24042, 99.2199)
1144 <- 1114 1179 1139 1154 (7.72825, 92.9568)
1114 <- 1144 1179 1139 1154 (8.70391, 82.5369)
1361 <- 1114 1144 1179 1139 (8.92986, 94.5371)
1139 <- 1114 1144 1179 1361 (8.91445, 94.7005)
1179 <- 1114 1144 1139 1361 (8.52932, 98.9765)
1144 <- 1114 1179 1139 1361 (9.03256, 93.4622)
1114 <- 1144 1179 1139 1361 (9.89524, 85.314)
1361 <- 1114 1144 1179 1154 (7.25583, 94.7629)
1144 <- 1114 1179 1154 1361 (7.39447, 92.9861)
1114 <- 1144 1179 1154 1361 (8.2777, 83.0645)
1361 <- 1114 1144 1139 1154 (7.24042, 94.7518)
1154 <- 1114 1144 1139 1361 (8.52932, 80.4335)
1144 <- 1114 1139 1154 1361 (7.37393, 93.0362)
1114 <- 1144 1139 1154 1361 (8.12879, 84.3967)
1361 <- 1114 1179 1139 1154 (7.72825, 94.2193)
1154 <- 1114 1179 1139 1361 (9.03256, 80.614)
1139 <- 1114 1179 1154 1361 (7.39447, 98.4722)
1179 <- 1114 1139 1154 1361 (7.37393, 98.7465)
1114 <- 1179 1139 1154 1361 (8.96067, 81.2607)
1139 <- 1123 1138 1144 1179 (10.7631, 95.9447)
1179 <- 1123 1138 1144 1139 (10.3471, 99.8015)
1144 <- 1123 1138 1179 1139 (11.3844, 90.7082)
1138 <- 1123 1144 1179 1139 (10.4139, 99.1617)
1123 <- 1138 1144 1179 1139 (10.3471, 99.8015)
1179 <- 1123 1138 1144 1154 (8.27257, 99.8759)
1144 <- 1123 1138 1179 1154 (9.22769, 89.5381)
1138 <- 1123 1144 1179 1154 (8.30851, 99.4438)
1123 <- 1138 1144 1179 1154 (8.27257, 99.8759)
1361 <- 1123 1138 1144 1179 (10.7631, 88.3111)
1179 <- 1123 1138 1144 1361 (9.55633, 99.4627)
1144 <- 1123 1138 1179 1361 (10.1571, 93.5794)
1138 <- 1123 1144 1179 1361 (9.59228, 99.0899)
1123 <- 1138 1144 1179 1361 (11.8774, 80.0259)
1139 <- 1123 1138 1144 1154 (8.27257, 99.8759)
1144 <- 1123 1138 1139 1154 (9.12499, 90.5459)
1138 <- 1123 1144 1139 1154 (8.31365, 99.3823)
1123 <- 1138 1144 1139 1154 (8.2777, 99.8139)
1361 <- 1123 1138 1144 1139 (10.3471, 90.5211)
1139 <- 1123 1138 1144 1361 (9.55633, 98.0118)
1144 <- 1123 1138 1139 1361 (9.99281, 93.7307)
1138 <- 1123 1144 1139 1361 (9.4485, 99.1304)
1123 <- 1138 1144 1139 1361 (9.38687, 99.7812)
1361 <- 1123 1138 1144 1154 (8.27257, 90.5028)
1144 <- 1123 1138 1154 1361 (7.99014, 93.7018)
1138 <- 1123 1144 1154 1361 (7.52799, 99.4543)
1123 <- 1138 1144 1154 1361 (7.50231, 99.7947)
1154 <- 1123 1138 1179 1139 (11.3844, 80.0631)
1139 <- 1123 1138 1179 1154 (9.22769, 98.7757)
1179 <- 1123 1138 1139 1154 (9.12499, 99.8875)
1138 <- 1123 1179 1139 1154 (9.19688, 99.1066)
1123 <- 1138 1179 1139 1154 (9.53579, 95.5843)
1361 <- 1123 1138 1179 1139 (11.3844, 87.641)
1139 <- 1123 1138 1179 1361 (10.1571, 98.2305)
1179 <- 1123 1138 1139 1361 (9.99281, 99.8458)
1138 <- 1123 1179 1139 1361 (10.075, 99.0316)
1123 <- 1138 1179 1139 1361 (10.1469, 98.33)
1361 <- 1123 1138 1179 1154 (9.22769, 86.5331)
1179 <- 1123 1138 1154 1361 (7.99014, 99.9357)
1138 <- 1123 1179 1154 1361 (8.04149, 99.2976)
1123 <- 1138 1179 1154 1361 (8.12879, 98.2312)
1361 <- 1123 1138 1139 1154 (9.12499, 87.3945)
1139 <- 1123 1138 1154 1361 (7.99014, 99.8072)
1138 <- 1123 1139 1154 1361 (8.03636, 99.2332)
1123 <- 1138 1139 1154 1361 (8.12365, 98.1669)
1139 <- 1123 1144 1179 1154 (8.30851, 99.8764)
1179 <- 1123 1144 1139 1154 (8.31365, 99.8147)
1144 <- 1123 1179 1139 1154 (9.19688, 90.2289)
1123 <- 1144 1179 1139 1154 (8.70391, 95.3392)
1361 <- 1123 1144 1179 1139 (10.4139, 90.4832)
1139 <- 1123 1144 1179 1361 (9.59228, 98.2334)
1179 <- 1123 1144 1139 1361 (9.4485, 99.7283)
1144 <- 1123 1179 1139 1361 (10.075, 93.527)
1123 <- 1144 1179 1139 1361 (9.89524, 95.2257)
1361 <- 1123 1144 1179 1154 (8.30851, 90.4821)
1179 <- 1123 1144 1154 1361 (7.52799, 99.8636)
1144 <- 1123 1179 1154 1361 (8.04149, 93.4866)
1123 <- 1144 1179 1154 1361 (8.2777, 90.8189)
1361 <- 1123 1144 1139 1154 (8.31365, 90.4262)
1139 <- 1123 1144 1154 1361 (7.52799, 99.8636)
1144 <- 1123 1139 1154 1361 (8.03636, 93.5463)
1123 <- 1144 1139 1154 1361 (8.12879, 92.4826)
1361 <- 1123 1179 1139 1154 (9.19688, 87.2697)
1139 <- 1123 1179 1154 1361 (8.04149, 99.8084)
1179 <- 1123 1139 1154 1361 (8.03636, 99.8722)
1123 <- 1179 1139 1154 1361 (8.96067, 89.5702)
1139 <- 1138 1144 1179 1154 (8.27257, 99.8759)
1179 <- 1138 1144 1139 1154 (8.2777, 99.8139)
1144 <- 1138 1179 1139 1154 (9.53579, 86.6451)
1138 <- 1144 1179 1139 1154 (8.70391, 94.9263)
1361 <- 1138 1144 1179 1139 (10.3471, 90.5211)
1179 <- 1138 1144 1139 1361 (9.38687, 99.7812)
1144 <- 1138 1179 1139 1361 (10.1469, 92.3077)
1138 <- 1144 1179 1139 1361 (9.89524, 94.6549)
1361 <- 1138 1144 1179 1154 (8.27257, 90.5649)
1179 <- 1138 1144 1154 1361 (7.50231, 99.8631)
1144 <- 1138 1179 1154 1361 (8.12879, 92.1668)
1138 <- 1144 1179 1154 1361 (8.2777, 90.5087)
1361 <- 1138 1144 1139 1154 (8.2777, 90.5087)
1139 <- 1138 1144 1154 1361 (7.50231, 99.8631)
1144 <- 1138 1139 1154 1361 (8.12365, 92.225)
1138 <- 1144 1139 1154 1361 (8.12879, 92.1668)
1361 <- 1138 1179 1139 1154 (9.53579, 84.9758)
1139 <- 1138 1179 1154 1361 (8.12879, 99.6841)
1179 <- 1138 1139 1154 1361 (8.12365, 99.7472)
1138 <- 1179 1139 1154 1361 (8.96067, 90.4298)
1361 <- 1144 1179 1139 1154 (8.70391, 90.6785)
1139 <- 1144 1179 1154 1361 (8.2777, 95.3474)
1179 <- 1144 1139 1154 1361 (8.12879, 97.0941)
1144 <- 1179 1139 1154 1361 (8.96067, 88.0802)
1144 <- 1063 1123 1138 1179 1139 (7.32258, 94.3899)
1154 <- 1063 1123 1138 1179 1139 (7.32258, 82.0477)
1361 <- 1063 1123 1138 1179 1139 (7.32258, 87.8682)
1139 <- 1114 1123 1138 1144 1179 (9.06337, 96.034)
1179 <- 1114 1123 1138 1144 1139 (8.71932, 99.8233)
1144 <- 1114 1123 1138 1179 1139 (9.13526, 95.2782)
1138 <- 1114 1123 1144 1179 1139 (8.7604, 99.3552)
1123 <- 1114 1138 1144 1179 1139 (8.71418, 99.8821)
1114 <- 1123 1138 1144 1179 1139 (10.3266, 84.2864)
1179 <- 1114 1123 1138 1144 1154 (7.04529, 99.9271)
1144 <- 1114 1123 1138 1179 1154 (7.39447, 95.2083)
1138 <- 1114 1123 1144 1179 1154 (7.07097, 99.5643)
1123 <- 1114 1138 1144 1179 1154 (7.04529, 99.9271)
1114 <- 1123 1138 1144 1179 1154 (8.2623, 85.2082)
1361 <- 1114 1123 1138 1144 1179 (9.06337, 92.1813)
1179 <- 1114 1123 1138 1144 1361 (8.39581, 99.5107)
1144 <- 1114 1123 1138 1179 1361 (8.78607, 95.0906)
1138 <- 1114 1123 1144 1179 1361 (8.40094, 99.4499)
1123 <- 1114 1138 1144 1179 1361 (8.60635, 97.0764)
1114 <- 1123 1138 1144 1179 1361 (9.50498, 87.8984)
1154 <- 1114 1123 1138 1144 1139 (8.71932, 80.8009)
1139 <- 1114 1123 1138 1144 1154 (7.04529, 100)
1144 <- 1114 1123 1138 1139 1154 (7.39447, 95.2778)
1138 <- 1114 1123 1144 1139 1154 (7.0761, 99.5646)
1123 <- 1114 1138 1144 1139 1154 (7.05043, 99.9272)
1114 <- 1123 1138 1144 1139 1154 (8.2623, 85.2704)
1361 <- 1114 1123 1138 1144 1139 (8.71932, 94.6996)
1139 <- 1114 1123 1138 1144 1361 (8.39581, 98.3486)
1144 <- 1114 1123 1138 1139 1361 (8.66797, 95.2607)
1138 <- 1114 1123 1144 1139 1361 (8.30851, 99.382)
1123 <- 1114 1138 1144 1139 1361 (8.2623, 99.9378)
1114 <- 1123 1138 1144 1139 1361 (9.36633, 88.1579)
1361 <- 1114 1123 1138 1144 1154 (7.04529, 94.7522)
1144 <- 1114 1123 1138 1154 1361 (7.00421, 95.3079)
1114 <- 1123 1138 1144 1154 1361 (7.48691, 89.1632)
1154 <- 1114 1123 1138 1179 1139 (9.13526, 80.8881)
1139 <- 1114 1123 1138 1179 1154 (7.39447, 99.9306)
1179 <- 1114 1123 1138 1139 1154 (7.39447, 99.9306)
1138 <- 1114 1123 1179 1139 1154 (7.43042, 99.4471)
1123 <- 1114 1138 1179 1139 1154 (7.48691, 98.6968)
1114 <- 1123 1138 1179 1139 1154 (9.11472, 81.0704)
1361 <- 1114 1123 1138 1179 1139 (9.13526, 94.7161)
1139 <- 1114 1123 1138 1179 1361 (8.78607, 98.4804)
1179 <- 1114 1123 1138 1139 1361 (8.66797, 99.8223)
1138 <- 1114 1123 1179 1139 1361 (8.70905, 99.3514)
1123 <- 1114 1138 1179 1139 1361 (8.75526, 98.827)
1114 <- 1123 1138 1179 1139 1361 (9.97741, 86.7216)
1361 <- 1114 1123 1138 1179 1154 (7.39447, 94.6528)
1179 <- 1114 1123 1138 1154 1361 (7.00421, 99.9267)
1138 <- 1114 1123 1179 1154 1361 (7.02989, 99.5617)
1123 <- 1114 1138 1179 1154 1361 (7.0761, 98.9115)
1114 <- 1123 1138 1179 1154 1361 (7.98501, 87.6527)
1361 <- 1114 1123 1138 1139 1154 (7.39447, 94.7222)
1154 <- 1114 1123 1138 1139 1361 (8.66797, 80.8057)
1139 <- 1114 1123 1138 1154 1361 (7.00421, 100)
1138 <- 1114 1123 1139 1154 1361 (7.03502, 99.562)
1123 <- 1114 1138 1139 1154 1361 (7.08124, 98.9123)
1114 <- 1123 1138 1139 1154 1361 (7.97474, 87.83)
1154 <- 1114 1123 1144 1179 1139 (8.7604, 80.7151)
1139 <- 1114 1123 1144 1179 1154 (7.07097, 100)
1179 <- 1114 1123 1144 1139 1154 (7.0761, 99.9274)
1144 <- 1114 1123 1179 1139 1154 (7.43042, 95.1624)
1123 <- 1114 1144 1179 1139 1154 (7.18394, 98.4274)
1114 <- 1123 1144 1179 1139 1154 (8.29824, 85.2104)
1361 <- 1114 1123 1144 1179 1139 (8.7604, 94.6073)
1139 <- 1114 1123 1144 1179 1361 (8.40094, 98.6553)
1179 <- 1114 1123 1144 1139 1361 (8.30851, 99.7528)
1144 <- 1114 1123 1179 1139 1361 (8.70905, 95.1651)
1123 <- 1114 1144 1179 1139 1361 (8.44203, 98.1752)
1114 <- 1123 1144 1179 1139 1361 (9.42282, 87.9564)
1361 <- 1114 1123 1144 1179 1154 (7.07097, 94.626)
1144 <- 1114 1123 1179 1154 1361 (7.02989, 95.179)
1114 <- 1123 1144 1179 1154 1361 (7.51772, 89.0027)
1361 <- 1114 1123 1144 1139 1154 (7.0761, 94.6299)
1154 <- 1114 1123 1144 1139 1361 (8.30851, 80.5933)
1144 <- 1114 1123 1139 1154 1361 (7.03502, 95.1825)
1114 <- 1123 1144 1139 1154 1361 (7.51772, 89.071)
1361 <- 1114 1123 1179 1139 1154 (7.43042, 94.6095)
1154 <- 1114 1123 1179 1139 1361 (8.70905, 80.7193)
1139 <- 1114 1123 1179 1154 1361 (7.02989, 100)
1179 <- 1114 1123 1139 1154 1361 (7.03502, 99.927)
1123 <- 1114 1179 1139 1154 1361 (7.2815, 96.5444)
1114 <- 1123 1179 1139 1154 1361 (8.02609, 87.588)
1154 <- 1114 1138 1144 1179 1139 (8.71418, 80.8486)
1139 <- 1114 1138 1144 1179 1154 (7.04529, 100)
1179 <- 1114 1138 1144 1139 1154 (7.05043, 99.9272)
1144 <- 1114 1138 1179 1139 1154 (7.48691, 94.1015)
1138 <- 1114 1144 1179 1139 1154 (7.18394, 98.0701)
1114 <- 1138 1144 1179 1139 1154 (8.2623, 85.2704)
1361 <- 1114 1138 1144 1179 1139 (8.71418, 94.6376)
1139 <- 1114 1138 1144 1179 1361 (8.60635, 95.8234)
1179 <- 1114 1138 1144 1139 1361 (8.2623, 99.8135)
1144 <- 1114 1138 1179 1139 1361 (8.75526, 94.1935)
1138 <- 1114 1144 1179 1139 1361 (8.44203, 97.6886)
1114 <- 1138 1144 1179 1139 1361 (9.36633, 88.0482)
1361 <- 1114 1138 1144 1179 1154 (7.04529, 94.7522)
1144 <- 1114 1138 1179 1154 1361 (7.0761, 94.3396)
1114 <- 1138 1144 1179 1154 1361 (7.49204, 89.1021)
1361 <- 1114 1138 1144 1139 1154 (7.05043, 94.756)
1154 <- 1114 1138 1144 1139 1361 (8.2623, 80.8577)
1144 <- 1114 1138 1139 1154 1361 (7.08124, 94.3437)
1114 <- 1138 1144 1139 1154 1361 (7.49204, 89.1707)
1361 <- 1114 1138 1179 1139 1154 (7.48691, 94.513)
1154 <- 1114 1138 1179 1139 1361 (8.75526, 80.8211)
1139 <- 1114 1138 1179 1154 1361 (7.0761, 100)
1179 <- 1114 1138 1139 1154 1361 (7.08124, 99.9275)
1138 <- 1114 1179 1139 1154 1361 (7.2815, 97.1791)
1114 <- 1138 1179 1139 1154 1361 (8.10311, 87.3257)
1361 <- 1114 1144 1179 1139 1154 (7.18394, 94.7105)
1154 <- 1114 1144 1179 1139 1361 (8.44203, 80.5961)
1144 <- 1114 1179 1139 1154 1361 (7.2815, 93.4415)
1114 <- 1144 1179 1139 1154 1361 (7.89257, 86.2069)
1139 <- 1123 1138 1144 1179 1154 (8.2623, 99.8757)
1179 <- 1123 1138 1144 1139 1154 (8.2623, 99.8757)
1144 <- 1123 1138 1179 1139 1154 (9.11472, 90.5352)
1138 <- 1123 1144 1179 1139 1154 (8.29824, 99.4431)
1123 <- 1138 1144 1179 1139 1154 (8.2623, 99.8757)
1361 <- 1123 1138 1144 1179 1139 (10.3266, 90.552)
1139 <- 1123 1138 1144 1179 1361 (9.50498, 98.3793)
1179 <- 1123 1138 1144 1139 1361 (9.36633, 99.8355)
1144 <- 1123 1138 1179 1139 1361 (9.97741, 93.721)
1138 <- 1123 1144 1179 1139 1361 (9.42282, 99.2371)
1123 <- 1138 1144 1179 1139 1361 (9.36633, 99.8355)
1361 <- 1123 1138 1144 1179 1154 (8.2623, 90.5531)
1179 <- 1123 1138 1144 1154 1361 (7.48691, 99.9314)
1144 <- 1123 1138 1179 1154 1361 (7.98501, 93.6977)
1138 <- 1123 1144 1179 1154 1361 (7.51772, 99.5219)
1123 <- 1138 1144 1179 1154 1361 (7.49204, 99.8629)
1361 <- 1123 1138 1144 1139 1154 (8.2623, 90.491)
1139 <- 1123 1138 1144 1154 1361 (7.48691, 99.8628)
1144 <- 1123 1138 1139 1154 1361 (7.97474, 93.754)
1138 <- 1123 1144 1139 1154 1361 (7.51772, 99.4536)
1123 <- 1138 1144 1139 1154 1361 (7.49204, 99.7944)
1361 <- 1123 1138 1179 1139 1154 (9.11472, 87.4366)
1139 <- 1123 1138 1179 1154 1361 (7.98501, 99.8071)
1179 <- 1123 1138 1139 1154 1361 (7.97474, 99.9356)
1138 <- 1123 1179 1139 1154 1361 (8.02609, 99.2962)
1123 <- 1138 1179 1139 1154 1361 (8.10311, 98.3523)
1361 <- 1123 1144 1179 1139 1154 (8.29824, 90.4703)
1139 <- 1123 1144 1179 1154 1361 (7.51772, 99.8634)
1179 <- 1123 1144 1139 1154 1361 (7.51772, 99.8634)
1144 <- 1123 1179 1139 1154 1361 (8.02609, 93.5381)
1123 <- 1144 1179 1139 1154 1361 (7.89257, 95.1204)
1361 <- 1138 1144 1179 1139 1154 (8.2623, 90.5531)
1139 <- 1138 1144 1179 1154 1361 (7.49204, 99.8629)
1179 <- 1138 1144 1139 1154 1361 (7.49204, 99.8629)
1144 <- 1138 1179 1139 1154 1361 (8.10311, 92.3321)
1138 <- 1144 1179 1139 1154 1361 (7.89257, 94.7951)
1154 <- 1114 1123 1138 1144 1179 1139 (8.70391, 80.885)
1139 <- 1114 1123 1138 1144 1179 1154 (7.04016, 100)
1179 <- 1114 1123 1138 1144 1139 1154 (7.04529, 99.9271)
1144 <- 1114 1123 1138 1179 1139 1154 (7.38934, 95.2745)
1138 <- 1114 1123 1144 1179 1139 1154 (7.07097, 99.5643)
1123 <- 1114 1138 1144 1179 1139 1154 (7.04529, 99.9271)
1114 <- 1123 1138 1144 1179 1139 1154 (8.25203, 85.3143)
1361 <- 1114 1123 1138 1144 1179 1139 (8.70391, 94.6903)
1139 <- 1114 1123 1138 1144 1179 1361 (8.35473, 98.6478)
1179 <- 1114 1123 1138 1144 1139 1361 (8.25716, 99.8134)
1144 <- 1114 1123 1138 1179 1139 1361 (8.65256, 95.2522)
1138 <- 1114 1123 1144 1179 1139 1361 (8.28797, 99.4424)
1123 <- 1114 1138 1144 1179 1139 1361 (8.24689, 99.9377)
1114 <- 1123 1138 1144 1179 1139 1361 (9.35093, 88.1384)
1361 <- 1114 1123 1138 1144 1179 1154 (7.04016, 94.7484)
1114 <- 1123 1138 1144 1179 1154 1361 (7.48177, 89.1558)
1361 <- 1114 1123 1138 1144 1139 1154 (7.04529, 94.7522)
1154 <- 1114 1123 1138 1144 1139 1361 (8.25716, 80.8458)
1144 <- 1114 1123 1138 1139 1154 1361 (7.00421, 95.3079)
1114 <- 1123 1138 1144 1139 1154 1361 (7.47664, 89.2857)
1361 <- 1114 1123 1138 1179 1139 1154 (7.38934, 94.7186)
1154 <- 1114 1123 1138 1179 1139 1361 (8.65256, 80.8902)
1179 <- 1114 1123 1138 1139 1154 1361 (7.00421, 99.9267)
1138 <- 1114 1123 1179 1139 1154 1361 (7.02989, 99.5617)
1123 <- 1114 1138 1179 1139 1154 1361 (7.0761, 98.9115)
1114 <- 1123 1138 1179 1139 1154 1361 (7.9696, 87.8222)
1361 <- 1114 1123 1144 1179 1139 1154 (7.07097, 94.626)
1154 <- 1114 1123 1144 1179 1139 1361 (8.28797, 80.7311)
1144 <- 1114 1123 1179 1139 1154 1361 (7.02989, 95.179)
1114 <- 1123 1144 1179 1139 1154 1361 (7.50745, 89.1245)
1361 <- 1114 1138 1144 1179 1139 1154 (7.04529, 94.7522)
1154 <- 1114 1138 1144 1179 1139 1361 (8.24689, 80.9465)
1144 <- 1114 1138 1179 1139 1154 1361 (7.0761, 94.3396)
1114 <- 1138 1144 1179 1139 1154 1361 (7.48177, 89.2244)
1361 <- 1123 1138 1144 1179 1139 1154 (8.25203, 90.5414)
1139 <- 1123 1138 1144 1179 1154 1361 (7.48177, 99.8627)
1179 <- 1123 1138 1144 1139 1154 1361 (7.47664, 99.9313)
1144 <- 1123 1138 1179 1139 1154 1361 (7.9696, 93.75)
1138 <- 1123 1144 1179 1139 1154 1361 (7.50745, 99.5212)
1123 <- 1138 1144 1179 1139 1154 1361 (7.48177, 99.8627)
1361 <- 1114 1123 1138 1144 1179 1139 1154 (7.04016, 94.7484)
1154 <- 1114 1123 1138 1144 1179 1139 1361 (8.24176, 80.9346)
1114 <- 1123 1138 1144 1179 1139 1154 1361 (7.4715, 89.2784)
