95 102 147 197 200 326 339 358 374 390 391 421 422 424 427 430 435 451 467 472 474 641 694 779 889 1044 1082 1089 1160 1179 1248 1249 1261 1281 1295 1334 1368 1384 1442 1445 1510 1559 1571 1578 1598 1599 1677 1765 1772 1805 1806 1878 1889 2045 2077 2078 2092 2093 2094 2118 2129 2173 2191 2208 2216 2224 2273 2279 2282 2283 2287 2295 2300 2301 2305 2306 2308 2311 2374 2377 2383 2386 2419 2431 2432 2449 2583 2584 2595 2596 2599 2610 2615 2618 2619 2620 2621 2717 2771 2860 2868 2872 2879 2891 2892 2898 2909 2998 3075 3095 3156 3157 3161 3169 3174 3176 3190 3191 3199 3218 3241 3449 3450 3451 3452 3454 3461 3467 3534 3539 3649 3713 3716 3727 3743 3746 3748 3754 3763 3827 3834 3872 3922 3952 3988 3991 4004 4170 4202 4208 4217 4336 4403 4489 4492 4531 4580 4695 4696 4697 4710 4739 4741 4742 4823 4841 4842 4895 4903 4906 4916 5021 5051 5083 5084 5089 5101 5138 5196 5324 5377 5438 5522 5682 5685 5717 5719 5757 5765 5884 5889 5921 5990 6008 6087 6092 6097 6106 6115 6122 6287 6291 6293 6300 6346 6851 6862 6866 6870 6875 6889 6904 6933 6939 6949 6952 7006 7117 7143 7147 7149 7160 7197 7203 7214 7229 7236 7238 7267 7286 7295 7327 7346 7366 7402 7406 7465 7496 7536 7615 7715 7765 7867 7872 7918 7919 7921 7932 7938 7957 7958 7961 7995 8135 8136 8137 8276 8285 8294 8408 8411 8412 8422 8436 8455 8500 8882 8931 8956 9026
11 24 30 33 34 42 58 457 818 992 1006 1007 1014 1130 1131 1235 1285 1542 1836 1987 1995 1998 1999 2171 2223 2355 3216 3231 3365 3366 3443 3552 3559 4494 4613 4645 4646 4655 4833 4835 4912 4955 5254 5609 5741 5856 5992 5995 6015 6143 6562 6786 6789 6799 6800 6811 6849 6908 7260 7326 7365 7460 7504 7572 7871 7985 8071 8086 8169 8185 8189 8226
119 145 373 378 727 768 780 792 956 1215 1372 1473 1495 1774 1820 2035 2082 2274 2321 2322 2397 2613 2616 2725 2881 2965 3203 3356 3373 3694 3776 3919 3924 3929 3938 3957 3959 3974 3990 3995 4064 4107 4182 4185 4230 4421 4430 4458 4472 4843 4934 5299 5790 5793 5823 5882 6095 6188 6316 6510 7388 7412 7417 7423 7426 7452 7494 7498 7508 7509 7541 7646 7706 7729 7771 7911 7930 7997 8119 8134 8257 8371 8446
26 88 208 253 298 323 335 420 449 477 505 551 559 597 1028 1106 1167 1170 1304 1328 1345 1383 1432 1452 1481 1525 1539 1596 1706 1748 1900 1980 2145 2233 2520 2536 2542 2624 2940 2944 3052 3060 3082 3100 3112 3133 3238 3250 3400 3571 3588 3624 3625 3628 3643 3644 3773 3831 3837 3859 3887 3905 3916 4000 4045 4110 4266 4334 4340 4354 4357 4379 4529 4536 4590 4598 4609 4642 4644 4703 4760 4768 4776 4781 4826 4985 5024 5052 5104 5126 5136 5181 5200 5230 5245 5274 5407 5416 5427 5466 5566 5635 5652 5653 5738 5755 5788 5952 5958 5981 5985 6155 6178 6274 6347 6381 6415 6473 6482 6484 6489 6583 6626 6647 6769 6883 6993 7039 7058 7073 7084 7100 7137 7221 7487 7552 7576 7594 7595 7611 7613 7627 7662 7672 7676 7747 7818 7976 7988 8039 8046 8060 8093 8249 8319 8398 8661 8710 8817 8934 9033
16 110 128 181 259 306 392 444 497 501 515 656 708 747 766 770 1015 1056 1058 1085 1224 1356 1702 1754 1759 1802 2027 2990 3005 3147 3234 3243 3253 3344 3360 3605 3708 4072 4420 4429 4581 4863 4884 4979 5096 5140 5192 5423 5495 5556 5585 5650 5659 5680 5696 5718 5731 5824 5844 5854 5919 5933 6229 6434 6495 6507 6610 6850 6860 6938 7272 7293 7506 7619 7846 7940 7980 8195 8349 8475 8589 8866 9038
18 54 138 349 428 542 801 994 1187 1316 1362 1403 1408 1431 1541 1551 1555 1693 1743 1766 1787 2009 2276 2319 2418 2535 2541 2575 2580 2581 2593 2603 2660 2661 2814 2817 2991 3007 3055 3162 3229 3369 3487 3629 3722 3987 4120 4447 4450 4485 4495 4659 4662 4699 4700 4701 4858 4860 4871 4878 5039 5218 5327 5343 5381 5859 5865 6131 6252 6304 6505 6538 6784 6808 6859 6930 7099 7116 7150 7153 7156 7216 7234 7284 7380 7387 7450 7492 7532 7730 7731 7766 7774 7845 7912 7984 8112 8133 8238 8508 8694 8966 8997 9037
0 70 171 179 260 337 367 370 386 396 417 534 574 590 606 610 654 661 701 730 774 945 991 1038 1052 1117 1271 1272 1347 1378 1414 1423 1426 1435 1438 1456 1485 1537 1607 1614 1684 1786 1816 1832 1874 1891 1916 1991 2037 2038 2075 2109 2154 2220 2297 2433 2506 2709 2787 2904 2908 2958 2970 2981 3069 3074 3086 3124 3210 3273 3301 3321 3329 3362 3367 3379 3380 3440 3479 3546 3566 3584 3585 3592 3593 3615 3639 3652 3669 3671 3683 3690 3725 3840 3932 4100 4108 4129 4152 4165 4174 4177 4186 4192 4195 4211 4286 4291 4370 4381 4413 4418 4478 4510 4535 4647 4715 4809 4856 4876 4883 4922 4948 4961 4963 5090 5113 5183 5301 5325 5330 5332 5348 5369 5433 5463 5570 5573 5605 5642 5670 5672 5699 5742 5752 5789 5885 5926 5935 5939 5949 6043 6050 6069 6084 6208 6257 6260 6267 6268 6400 6447 6450 6493 6527 6557 6577 6603 6631 6640 6662 6691 6695 6724 6764 6783 6832 6845 6894 6918 6920 6959 6964 6975 7076 7096 7136 7211 7230 7263 7317 7385 7525 7558 7574 7699 7703 7782 7826 7833 7854 7857 7862 7920 8059 8124 8144 8227 8313 8335 8378 8388 8390 8432 8668 8681 8821 9009 9013
177 304 419 867 919 996 998 1069 1221 1260 1287 1317 1405 1717 1837 1903 1948 2018 2021 2142 2202 2244 2353 2362 2514 2789 2933 2966 3099 3336 3475 3606 3609 3654 3862 4075 4124 4135 4168 4190 4249 4274 4335 4530 4602 4758 4773 4778 4799 4936 4944 5110 5182 5252 5404 5446 5489 5529 5656 5821 5833 5868 5936 5937 5938 5973 6020 6071 6250 6253 6369 6483 6605 6770 6927 6944 7000 7042 7098 7125 7127 7252 7554 7591 7597 7643 7647 7649 7673 7682 7721 7755 8037 8069 8074 8078 8151 8165 8166 8177 8198 8202 8222 8307 8356 8364 8374 8407 8633 8650 8691 8786 8830 8854 8981
214 218 247 261 504 663 804 1330 1353 1448 1461 1606 1609 1714 2150 2194 2267 2277 2278 2357 2441 2611 2702 2941 2973 3179 3244 3310 3345 3456 3863 3884 3904 3983 4052 4154 4218 4302 4328 4606 4631 4832 5013 5034 5204 5695 5961 6004 6255 6320 6333 6334 6409 6410 6436 6444 6466 7007 7144 7338 7356 7362 7364 7371 7459 7853 7899 7900 7902 7903 7994 8252 8384 8625 8734 8814 8822 8963
1 51 1274 1945 1988 5607 5726 6051 6171 6580 6744 6766 6768 6771 6772 6774 6775
151 159 289 372 415 493 495 507 569 621 660 684 738 761 864 909 967 970 997 1031 1036 1047 1102 1181 1188 1299 1410 1472 1505 1521 1681 1694 1703 1732 1745 1809 1822 1863 1969 1984 1985 2003 2023 2041 2159 2196 2205 2221 2327 2375 2428 2447 2462 2623 2854 3053 3054 3249 3397 3426 3537 3549 3550 3581 3680 3706 3709 3730 3751 3758 3906 3931 3956 3958 3964 3968 3976 3997 4200 4277 4320 4364 4371 4377 4394 4437 4571 4688 4694 4738 4755 4861 4865 4939 5073 5117 5184 5186 5243 5253 5258 5260 5283 5296 5770 5887 6172 6173 6176 6179 6183 6189 6280 6296 6518 6641 6723 6968 7012 7041 7088 7142 7206 7226 7242 7243 7244 7247 7251 7389 7392 7393 7429 7434 7451 7453 7462 7463 7471 7539 7540 7567 7683 7738 7827 7837 7888 7890 7908 7935 8102 8118 8152 8179 8215 8234 8443 8731 8871 8965 9027
120 129 154 264 503 626 662 729 808 897 902 918 920 1233 1241 1375 1530 1552 1570 1778 2042 2183 2270 2388 2612 3018 3153 3411 3415 3416 3442 3664 3979 3980 4150 4299 4308 4317 4348 4545 4632 4705 4735 5029 5087 5121 5122 5173 5492 5537 5546 5569 5687 5715 5845 5891 5896 5899 6091 6199 6315 6325 6365 6666 6682 6707 6755 6898 6961 7255 7413 7473 7474 7725 7791 7873 7915 7929 7955 8213 8936 9025
85 99 107 331 418 524 667 882 1059 1250 1263 1265 1290 1380 1625 1644 1763 2298 2344 2414 2467 2508 2632 2680 2684 2689 2704 2719 2859 2937 3151 3198 3286 3316 3742 3873 3978 4014 4457 4465 4519 4679 4757 5099 5156 5172 5185 5464 5698 5777 5898 5905 5983 6118 6588 6856 6885 7265 7323 7357 7358 7372 7383 7491 7505 7513 7515 7533 7745 7756 7757 7926 7941 8057 8075 8096 8098 8100 8103 8104 8105 8106 8108 8110 8172 8190 8253 8426 9021
133 246 348 351 354 355 360 368 381 425 680 835 871 938 1012 1229 1230 1231 1232 1484 1488 1489 1491 1492 1507 1532 1616 1767 1768 1770 1773 1775 1781 1804 1842 2007 2010 2032 2052 2056 2111 2290 2309 2312 2485 2781 2848 2849 2853 2861 2862 2864 2873 2948 2982 3171 3173 3178 3182 3183 3185 3186 3297 3496 3687 3717 3718 3732 3939 3941 3942 3944 3946 3949 3960 3961 3969 4026 4099 4179 4196 4198 4207 4212 4213 4233 4345 4438 4449 4451 4721 4727 4846 4847 4866 5088 5115 5116 5119 5414 5417 5418 5686 5706 5716 5901 6123 6181 6282 6302 6383 6514 6515 6516 6519 6537 6730 6874 6893 6895 7717 7724 7740 7741 7945 7948 7965 8281 8284 8490 8962
105 106 111 114 144 361 362 366 595 805 807 816 845 899 913 969 1118 1124 1255 1257 1258 1264 1277 1286 1292 1305 1306 1315 1320 1327 1329 1331 1333 1336 1371 1397 1440 1500 1508 1594 1617 1639 1935 1949 1954 1956 1971 1972 1979 2103 2147 2360 2382 2604 2729 2762 2773 2780 2857 2858 2867 2869 2871 2882 2884 2897 2913 2961 3233 3300 3314 3317 3427 3438 3460 3477 3675 3707 3750 3895 4002 4187 4188 4227 4428 4446 4459 4498 4501 4505 4562 4622 4724 4749 5050 5351 5397 5413 5419 5421 5442 5445 5448 5454 5459 5460 5468 5484 5494 5496 5503 5518 5525 5528 5531 5534 5539 5553 5578 5603 5606 5611 5612 5617 5620 5647 5679 5684 5691 5705 5710 5722 5725 5734 5735 5743 5745 5774 5784 5796 5804 5808 5825 5842 5848 5850 5875 5876 5897 5934 5955 5963 5965 5969 5991 6028 6086 6099 6113 6120 6137 6187 6209 6212 6263 6442 6486 6517 6528 6545 6579 6589 6593 6606 6607 6620 6623 6627 6708 6840 6882 6935 6995 7062 7237 7261 7262 7266 7281 7304 7315 7361 7386 7394 7401 7416 7443 7537 7538 7604 7654 7709 7710 7732 7742 7759 7787 7865 7939 7950 7963 7966 7977 7998 7999 8113 8115 8145 8153 8161 8273 8275 8279 8425 8428 8430 8464 8466 8467 8509 8514 8618 8695 8701 8862 8899 8901 8942 8947 9024
13 59 73 97 101 170 186 213 244 245 300 315 342 404 405 450 473 491 494 519 523 529 532 539 554 568 576 582 596 598 600 603 604 637 665 676 683 685 703 741 762 833 836 839 881 886 912 916 937 959 1004 1017 1020 1021 1040 1041 1066 1083 1088 1100 1104 1107 1108 1116 1120 1138 1162 1164 1172 1173 1174 1190 1206 1427 1546 1566 1569 1585 1597 1605 1612 1652 1663 1665 1679 1686 1696 1700 1704 1797 1810 1847 1901 1912 1913 1932 1939 1958 1966 1989 2004 2017 2054 2095 2100 2123 2158 2166 2168 2180 2185 2198 2199 2207 2210 2214 2215 2228 2229 2231 2240 2245 2255 2348 2359 2400 2402 2403 2415 2420 2439 2440 2453 2459 2464 2465 2491 2501 2515 2557 2559 2568 2644 2674 2682 2683 2710 2734 2754 2758 2800 2802 2807 2808 2810 2813 2819 2828 2834 2837 2840 2845 2894 2939 2953 2955 2960 2971 2972 2983 2988 2989 2993 3025 3027 3028 3033 3034 3035 3046 3076 3088 3091 3102 3119 3131 3206 3280 3299 3332 3341 3352 3377 3385 3389 3390 3399 3464 3465 3515 3523 3527 3528 3530 3544 3583 3617 3637 3673 3677 3678 3681 3682 3798 3803 3814 3820 3821 3823 3843 3844 3847 3856 3870 3878 3879 3897 3910 3920 3921 3993 4040 4067 4070 4090 4096 4113 4117 4130 4164 4167 4175 4239 4243 4265 4289 4315 4332 4350 4352 4392 4399 4417 4419 4484 4518 4538 4542 4557 4574 4587 4588 4595 4599 4607 4616 4620 4624 4650 4653 4669 4686 4762 4769 4774 4791 4805 4817 4837 4838 4839 4840 4954 4960 4965 4968 4990 4993 5000 5001 5016 5017 5022 5023 5025 5038 5080 5160 5163 5168 5178 5213 5216 5220 5238 5259 5280 5292 5293 5298 5302 5310 5314 5333 5335 5336 5337 5340 5342 5344 5349 5354 5367 5373 5429 5432 5440 5443 5472 5478 5497 5502 5520 5521 5536 5554 5557 5564 5565 5599 5602 5608 5610 5627 5651 5658 5662 5669 5674 5728 5740 5772 5818 5826 5941 5946 5966 5996 5999 6022 6029 6030 6033 6042 6044 6053 6068 6075 6081 6225 6239 6241 6251 6310 6388 6401 6420 6423 6464 6468 6477 6479 6485 6656 6669 6686 6697 6804 6823 6828 6831 6834 6921 6962 6963 6976 6991 7002 7031 7070 7077 7078 7082 7109 7132 7175 7177 7185 7212 7218 7219 7222 7583 7661 7671 7748 7840 7841 8014 8015 8051 8090 8107 8174 8191 8214 8246 8250 8293 8340 8344 8352 8353 8391 8556 8582 8611 8612 8622 8636 8652 8663 8664 8690 8717 8719 8745 8758 8771 8778 8815 8836 8855 8867 8875 8878 8920 8927 8932 8945 8988
115 130 168 187 195 359 371 426 482 702 786 790 803 854 860 1115 1247 1251 1382 1506 1517 1626 1762 1785 1852 2051 2262 2288 2426 2438 2443 2582 2605 2614 2617 2681 2783 2921 3077 3168 3172 3196 3269 3285 3429 3430 3433 3434 3436 3522 3529 3697 3764 3973 4184 4189 4197 4201 4204 4209 4386 4441 4442 4443 4454 4455 4456 4463 4487 4524 4733 4885 4891 4900 4914 5097 5129 5214 5805 5878 5913 5931 5947 6130 6148 6169 6196 6522 6531 6703 6922 7303 7414 7419 7422 7493 7534 7726 7789 7937 7944 7952 7953 7954 7959 8028 8029 8122 8125 8267 8268 8282 8437 8832 9019 9031 9032
61 68 166 196 240 263 317 407 658 659 682 728 813 1037 1113 1152 1191 1338 1400 1447 1574 1613 1784 1897 2134 2629 2630 2699 2911 2918 2926 2962 3039 3283 3420 3494 3580 3587 3662 4017 4076 4082 4092 4149 4391 4397 4499 4514 4593 4685 4844 5036 5068 5270 5276 5326 5374 5398 5399 5412 5542 5544 5619 6077 6359 6660 6765 7046 7083 7180 7571 7812 7885 7886 8079 8091 8292 8368 8381 8737 8794
796 1322 2417 2728 3337 3612 3735 3741 3934 4016 4748 4857 5058 5846 6305 6890 7205 7602 7750 7870 7892 7893 7913 8163 8512 9028
49 104 127 423 439 470 642 647 700 711 756 782 784 800 925 971 1018 1119 1166 1226 1298 1359 1433 1471 1476 1494 1509 1513 1516 1728 1757 1882 2000 2141 2209 2248 2299 2316 2317 2495 2496 2529 2551 2554 2560 2586 2641 2651 2701 2764 2785 2866 2878 2930 2950 3050 3083 3167 3197 3304 3343 3350 3421 3428 3441 3446 3453 3462 3504 3507 3517 3702 3936 3937 4007 4015 4036 4141 4146 4203 4565 4585 4597 4648 4663 4725 4810 4845 4852 4862 5009 5067 5106 5125 5396 5481 5532 5540 5543 5595 5640 5675 5676 5678 5681 5693 6006 6052 6072 6085 6088 6191 6202 6272 6299 6308 6382 6582 6835 6863 6864 7151 7202 7224 7306 7336 7390 7409 7427 7480 7545 7593 7701 7793 7823 7982 7989 8004 8158 8192 8225 8256 8266 8269 8271 8272 8421 8442 8506 8687 8733 8996 9000 9010 9015
156 236 455 627 646 751 928 1363 1434 1621 1653 1840 2325 2385 2442 2553 2579 2592 2713 2716 2811 2984 3180 3200 3262 3324 3417 3468 3480 3647 3696 3698 3733 3809 3841 3869 3928 3962 4035 4068 4539 4567 4582 4640 4901 4908 4980 5092 5166 5229 5281 5282 5690 5766 5771 6140 6311 6546 6677 6872 6878 6925 7061 7328 7395 7436 7501 7503 7547 7625 7655 7800 7855 7876 7887 7907 7933 7949 7978 8009 8025 8073 8154 8211 8270 8274 8277 8278 8370 8586 8609 8654 8790
8 91 203 227 628 713 717 735 764 838 879 1043 1074 1348 1406 1436 1454 1651 1705 1716 1952 1959 1961 1965 1970 2006 2011 2013 2016 3326 3358 4128 4956 4996 5045 5360 5462 5501 5588 5614 5624 5639 5964 6149 6232 6234 6596 6636 6668 6696 6718 6773 6794 6816 6946 7333 7704 7992 8001 8002 8005 8006 8007 8010 8011 8012 8013 8019 8022 8024 8026 8027 8032 8034 8036 8041 8042 8045 8048 8052 8088 8160 8162 8566 8571 8670 8675 8679 8769 8824 8915 8960
3 23 82 141 193 223 250 397 547 599 686 819 892 903 932 950 955 1011 1180 1300 1303 1324 1399 1443 1460 1515 1557 1565 1860 1960 2151 2179 2232 2242 2247 2356 2367 2456 2510 2558 2567 2570 2664 2679 2826 2876 3036 3065 3134 3164 3208 3228 3256 3387 3508 3557 3636 3640 3864 4032 4079 4102 4157 4236 4283 4287 4316 4322 4583 4750 4766 4770 4783 4820 4827 5175 5227 5279 5312 5439 5450 5482 5513 5559 5633 5643 5713 5867 5873 5993 6018 6152 6153 6230 6385 6609 6689 6690 6701 7018 7120 7225 7478 7573 7666 7696 7752 7859 7904 8058 8138 8139 8331 8375 8383 8590 8671 8802 8924 8928 8973 8978 8992
318 320 690 911 1153 1282 1313 1344 1361 1366 1611 1673 1722 2260 2280 2310 2379 2489 2525 2633 2668 2887 2888 2936 2974 3032 3103 3217 3315 3586 3595 3620 3621 3691 3828 3852 3853 4091 4220 4323 4343 4374 4550 4639 4775 4788 4793 4825 4828 4830 4848 4918 5111 5118 5411 5474 5581 5683 6105 6107 6129 6397 6422 6478 6535 6591 6711 6739 7027 7068 7090 7360 7369 7455 7585 7637 8433 8440 8492 8584 8666 8958 9035
63 126 369 389 413 522 620 1002 1027 1129 1158 1323 1483 1501 1524 1554 1587 1764 1777 1782 1830 1865 2269 2304 2350 2404 2411 2572 2589 2746 2791 2795 2924 2929 2954 2992 3030 3213 3232 3258 3323 3548 3601 3619 3701 3737 3813 3871 3992 4041 4056 4059 4071 4199 4210 4214 4219 4445 4467 4507 4592 4711 4723 4867 4893 4907 4994 5014 5095 5107 5130 5143 5255 5383 5391 5579 5623 5729 5751 5775 5806 5912 6307 6327 6328 6387 6432 6521 6526 6532 6539 6543 6549 6826 6873 7603 7943 8053
136 150 152 376 383 402 406 607 789 794 809 811 830 1254 1291 1370 1493 1512 1535 1553 1758 1769 1771 1792 1828 2062 2087 2105 2117 2136 2292 2296 2314 2369 2607 2643 2646 2662 2865 2883 2912 3175 3189 3192 3195 3223 3230 3437 3444 3457 3484 3729 3749 3756 3782 3947 3953 3977 3981 4020 4228 4229 4250 4272 4452 4516 4729 4759 4897 4915 5100 5103 5120 5135 5139 5152 5388 5389 5403 5688 5707 5733 5880 5902 5906 5917 5922 5930 6139 6163 6303 6323 6340 6542 6575 6869 6899 6923 6942 7258 7325 7438 7936 8262 9016
162 233 341 388 826 949 1050 1171 1185 1238 1262 1268 1418 1430 1487 1661 1753 2036 2081 2090 2091 2113 2116 2146 2175 2266 2352 2412 2429 2564 2628 3455 3599 3667 3766 4281 4297 4353 4395 5191 5409 5563 5616 5756 5894 6147 6292 6337 6842 7246 7311 7550 7553 7559 7608 7667 8054 8061 8126 8146 8505
785 815 923 977 1010 1091 1092 1093 1096 1216 1707 1738 1795 2652 2671 2976 3488 3703 3753 3807 3810 4358 4365 4366 4432 4433 4474 4475 4502 4503 5158 5165 5170 5224 5232 5234 5241 5285 5499 5783 5785 5916 6047 6642 6815 6817 7345 7353 7445 7621 8414 8415 8438 8439 8646 8697 8772
20 55 185 204 225 226 228 229 230 232 237 239 243 248 254 266 269 270 271 272 274 279 280 281 319 321 324 344 433 446 480 510 550 552 577 593 612 616 640 644 652 678 693 704 707 720 722 740 742 769 875 961 962 964 965 986 989 1070 1087 1147 1148 1149 1165 1194 1318 1360 1549 1576 1619 1630 1636 1637 1666 1799 1831 1838 1854 1855 1856 1859 1899 1922 1924 1926 1929 1930 1951 1982 2115 2203 2235 2332 2398 2401 2408 2448 2452 2460 2466 2476 2484 2493 2511 2521 2537 2569 2706 2737 2760 2761 2839 2902 2916 2947 2949 2951 2959 2977 2979 3029 3040 3048 3061 3063 3066 3068 3106 3139 3247 3264 3294 3302 3306 3307 3308 3364 3395 3401 3402 3408 3466 3472 3485 3506 3516 3533 3535 3572 3576 3579 3616 3651 3666 3670 3728 3774 3790 3858 3890 3903 4037 4069 4074 4081 4111 4133 4242 4247 4280 4290 4296 4304 4330 4351 4363 4369 4388 4515 4520 4521 4541 4572 4573 4617 4633 4636 4652 4785 4964 5053 5057 5060 5187 5222 5226 5295 5452 5486 5535 5574 5575 5594 5779 6082 6126 6203 6211 6228 6244 6254 6637 6646 6672 6673 6699 6761 6779 6788 6985 6986 6987 6988 6992 7022 7023 7024 7025 7026 7044 7192 7196 7210 7231 7324 7376 7581 7716 8092 8325 8610
100 149 157 215 221 328 353 375 379 380 500 668 669 687 697 705 706 810 823 887 893 904 999 1039 1177 1208 1213 1227 1237 1239 1256 1280 1340 1352 1469 1477 1502 1503 1522 1523 1540 1550 1633 1648 1649 1671 1698 1727 1733 1741 1790 1794 1904 1915 1925 1941 1994 2019 2022 2031 2053 2060 2071 2083 2144 2187 2251 2254 2264 2268 2289 2315 2323 2329 2342 2504 2538 2545 2594 2697 2715 2749 2765 2767 2815 2890 2895 3017 3021 3057 3067 3130 3143 3214 3257 3309 3368 3406 3422 3423 3503 3685 3699 3705 3710 3715 3721 3761 3762 3849 3875 3883 3886 3930 3951 3954 4022 4039 4046 4093 4194 4246 4268 4342 4362 4427 4444 4462 4528 4614 4664 4678 4716 4726 4853 4887 4917 5018 5093 5123 5210 5239 5319 5431 5453 5465 5586 5816 5834 5841 5874 5881 5903 6025 6026 6032 6062 6074 6076 6111 6141 6162 6235 6243 6283 6317 6318 6453 6458 6524 6818 6844 6974 7092 7139 7191 7233 7245 7248 7249 7273 7287 7296 7297 7299 7318 7375 7446 7466 7481 7482 7483 7488 7489 7516 7520 7531 7546 7569 7660 7665 7680 7681 7711 7713 7777 7788 7809 7850 7882 7895 7924 7968 8076 8143 8167 8188 8248 8259 8263 8264 8351 8360 8389 8419 8448 8542 8585 8595 8660 8740 8801 9012 9014
50 60 84 327 617 634 689 719 744 767 793 974 1072 1240 1245 1349 1789 1933 2055 2059 2137 2307 2347 2473 3312 3339 3383 3986 4048 4061 4121 4269 4460 4473 4690 4786 4815 4970 5026 5273 5353 5370 5378 5384 5408 5415 5455 5507 5591 5637 5638 5794 5801 6007 6041 6114 6249 6271 6295 6375 6377 6405 6492 6533 6617 6622 6717 6797 6853 6857 6879 6903 6917 6919 6934 6954 7268 7334 7378 7381 7384 7435 7448 7512 7517 7535 7544 7566 7634 7707 7708 7728 7739 7817 7832 7868 7874 7881 7916 7947 8031 8035 8044 8087 8094 8128 8199 8220 8311 8511 8528 8539 8624
173 189 277 278 412 432 460 462 476 483 506 543 611 631 633 650 754 846 859 866 873 933 936 952 988 1029 1134 1176 1439 1627 1825 1829 1843 1861 1862 1864 1877 1885 1907 1992 2108 2213 2243 2365 2413 2437 2455 2457 2499 2503 2533 2578 2642 2654 2695 2705 2738 2751 2757 2768 2770 2777 2803 2806 2915 2946 2964 2978 2995 3090 3289 3293 3311 3363 3414 3511 3519 3575 3603 3784 3791 3793 3822 3836 3851 3893 3913 4038 4055 4127 4245 4273 4293 4295 4301 4333 4490 4525 4556 4569 4765 4976 4995 5151 5194 5199 5205 5263 5328 5329 5356 5363 5582 5584 5587 5596 5663 5959 6036 6205 6237 6238 6240 6262 6338 6343 6352 6357 6358 6368 6370 6371 6386 6392 6394 6403 6414 6419 6426 6430 6439 6459 6467 6491 6502 6506 6508 6558 6564 6566 6573 6578 6586 6592 6597 6600 6619 6634 6657 6663 6665 6676 6679 6685 6693 6694 6700 6702 6713 6715 6716 6719 6720 6752 6757 6782 6795 6802 6803 6821 6822 6905 6911 6913 6916 6928 6929 6932 6940 6947 6948 6953 6955 6957 6958 6960 6972 6973 6980 6982 6983 6984 6997 6998 7003 7010 7011 7015 7020 7028 7029 7033 7034 7053 7055 7057 7066 7067 7072 7074 7085 7094 7106 7108 7111 7112 7121 7126 7129 7130 7134 7138 7166 7169 7170 7171 7178 7179 7182 7183 7184 7186 7187 7199 7213 7217 7220 7223 7292 7555 7577 7578 7579 7582 7598 7601 7617 7651 7675 7678 7687 7723 7763 7775 7776 7804 7828 7861 7987 8021 8111 8155 8156 8193 8223 8241 8297 8300 8314 8327 8453 8496 8546 8547 8552 8567 8626 8631 8639 8662 8674 8713 8725 8765 8768 8803 8808 8839 8861 8869 8870 8881 8889 8897 8904 8914 8948 8955 8983 8990 9002
137 140 198 364 440 443 664 772 783 822 848 1060 1141 1154 1246 1415 1417 1529 1563 1573 1595 1631 1756 1788 1942 2133 2281 2284 2451 2461 2468 2470 2590 2657 2669 2794 3019 3126 3177 3193 3226 3263 3471 3693 4018 4054 4169 4476 4504 4509 4671 4673 4811 4882 4935 4959 5010 5318 5402 5420 5592 5597 5703 5730 5811 5812 5820 5839 5847 5872 5942 5984 5986 5987 6034 6166 6298 6306 6529 6559 6706 6712 6778 6807 6865 6881 6887 6907 6943 7069 7278 7342 7367 7424 7542 7605 7606 7760 7806 8333 8347 8350 8449 8673 8925 9043
12 38 39 40 41 163 249 398 479 564 571 579 639 712 724 734 957 978 983 1005 1076 1086 1193 1283 1342 1343 1379 1451 1545 1583 1655 1683 1944 1976 2102 2125 2157 2190 2217 2492 2522 2631 2825 2831 2835 3037 3152 3219 3220 3254 3419 3524 3541 3569 3570 3578 3608 3631 3679 3769 3842 3882 3907 4006 4008 4030 4042 4078 4134 4142 4276 4319 4383 4384 4387 4426 4540 4608 4623 4634 4661 4677 4683 4684 4753 4969 5037 5303 5315 5334 5372 5516 5562 5632 5654 5732 5787 5957 5972 5975 5989 5997 6039 6406 6421 6425 6440 6758 6780 7102 7115 7193 7194 7195 7746 7883 8084 8683 8850 8893
219 222 251 257 290 308 513 594 622 691 847 868 874 944 954 963 1045 1084 1146 1276 1388 1467 1577 1812 1911 2160 2487 2498 2647 2663 2678 2685 2748 2841 2900 3016 3043 3045 3093 3136 3204 3205 3290 3292 3514 3568 3610 3630 3767 3860 4143 4171 4206 4241 4284 4288 4398 4410 4534 4629 4797 4998 4999 5004 5056 5072 5141 5171 5207 5211 5271 5275 5304 5352 5451 5498 5567 5568 5583 5590 5758 5759 5809 5817 5830 5843 5855 5923 5953 6001 6177 6201 6220 6256 6374 6376 6497 6509 6594 6613 6675 6698 6759 7021 7048 7107 7113 7167 7584 7624 7626 7628 7631 7632 7640 7641 7659 7684 7690 7692 7698 7768 7769 7780 7803 7852 7856 7991 8003 8065 8200 8203 8363 8367 8380 8478 8524 8532 8809 8905 9001
167 538 556 799 1132 1234 1244 1975 1983 2040 2076 2372 3000 3094 3596 3712 3724 3765 3781 3824 4216 4222 4253 4561 5131 5962 6136 6286 6329 6555 6561 6648 6880 6892 7341 7355 7497 7718 7783 7894 7896 7927 8064 8109 8337 8434 8604 8642 8804 8930 8946 9036
15 22 57 160 161 172 252 275 284 293 303 385 400 410 478 487 498 517 546 585 592 623 695 709 715 757 858 863 898 927 947 972 993 1034 1061 1196 1202 1288 1296 1308 1392 1449 1498 1592 1608 1658 1660 1669 1672 1674 1678 1699 1800 1813 1845 1848 1876 2098 2155 2167 2225 2227 2249 2361 2373 2381 2384 2394 2444 2469 2480 2482 2502 2549 2565 2635 2659 2666 2741 2784 2792 2793 2922 2967 2975 3001 3056 3058 3062 3073 3122 3184 3281 3347 3348 3371 3482 3510 3520 3531 3597 3613 3614 3676 3688 3689 3811 3888 3896 3902 3999 4034 4057 4084 4098 4261 4307 4375 4376 4389 4512 4549 4552 4566 4625 4698 4782 4938 4942 4943 4988 5033 5144 5197 5202 5297 5311 5350 5355 5505 5508 5541 5580 5589 5673 5746 5754 5813 5929 5950 5968 6057 6063 6064 6100 6145 6154 6159 6182 6218 6219 6227 6264 6342 6356 6362 6396 6402 6443 6455 6480 6501 6570 6638 6653 6793 6924 6937 6967 7040 7050 7188 7190 7351 7564 7844 8123 8147 8338
5 394 447 454 481 558 880 929 1075 1121 1127 1163 1355 1715 2131 2143 2512 2519 2672 2693 2919 2969 2996 3079 3089 3551 3819 3880 4151 4415 4496 4543 4576 4635 4666 4767 4940 5206 5217 5267 5331 5347 5479 5622 5748 6161 6222 6330 6341 6366 6390 6449 6457 6465 6714 6781 6912 7004 7038 7051 7054 7075 7081 7176
812 895 940 1297 1514 1579 1902 2064 2226 2585 2625 3692 3923 3926 3927 3950 3963 3966 3998 4156 4178 4180 4181 4226 4232 4262 4270 4464 4513 4548 4615 4691 4720 4730 4731 4736 4784 4851 4868 4869 4870 4872 4873 4875 4890 4904 4911 4913 4919 4926 4932 4933 5085 5086 5112 5128 5376 5382 5461 5547 5701 5721 5750 5900 5909 6132 6133 6134 6138 6146 6170 6185 6288 6289 6322 6540 6544 6552 6554 6595 6633 6661 6836 6837 6839 6841 6854 6858 6900 7140 7141 7148 7239 7256 7257 7305 7307 7308 7316 7391 7396 7398 7407 7408 7425 7428 7454 7461 7464 7490 7523 7530 7700 7758 7866 7869 8857
56 65 92 94 231 525 537 565 575 588 589 670 673 714 748 773 850 1079 1081 1125 1135 1184 1207 1217 1341 1386 1411 1412 1413 1419 1459 1468 1474 1640 1740 1923 1993 2024 2138 2140 2172 2188 2195 2206 2246 2370 2393 2597 2609 2676 2742 2744 2755 2759 2816 2875 3097 3155 3357 3439 3502 3618 3627 3663 3736 3785 3848 3982 4085 4112 4285 4424 4603 4718 4789 4804 5042 5046 5221 5228 5268 5278 5306 5308 5309 5320 5358 5379 5380 5447 5456 5458 5512 5523 5636 5666 5667 5700 5798 5849 5861 5863 5864 5869 6014 6037 6048 6108 6119 6128 6174 6175 6184 6223 6226 6236 6452 6475 6476 6499 6654 6659 6681 6683 6725 6727 6728 6731 6732 6733 6734 6735 6736 6747 6748 6754 6776 6812 6852 6969 7343 7347 7359 7421 7479 7507 7511 7528 7658 7762 7785 7839 7878 7879 7897 8175 8180 8283 8301 8320 8401 8651 8680 8696 8842
53 74 206 286 305 411 511 526 583 688 732 953 1192 1270 1339 1641 1664 1688 1695 1839 1846 1850 1936 2186 2222 2424 2446 2530 2634 2997 3024 3038 3047 3049 3201 3202 3211 3236 3265 3355 3486 3542 3547 3607 3684 3770 3786 3830 3857 3901 3911 4029 4160 4604 4630 4649 4680 5059 5246 5664 5778 6190 6265 6614 6710 6824 7485 7518 7638 7677 7889 8183 8197 8312
21 31 66 79 80 183 184 191 207 224 285 345 512 527 531 560 561 615 648 651 733 743 763 840 917 979 987 990 1023 1055 1073 1151 1155 1182 1201 1203 1259 1385 1533 1547 1561 1572 1618 1624 1647 1689 1731 1824 1826 1906 1920 1928 1943 1947 1953 1957 2002 2033 2178 2189 2192 2197 2218 2236 2237 2458 2543 2546 2555 2556 2561 2670 2827 2844 2928 2986 2994 3012 3022 3051 3064 3078 3080 3085 3120 3121 3123 3129 3150 3225 3252 3255 3260 3279 3291 3305 3320 3334 3340 3349 3476 3500 3540 3598 3634 3648 3656 3672 3876 3881 3899 3908 4003 4095 4140 4153 4176 4257 4314 4327 4338 4346 4356 4382 4401 4491 4511 4600 4601 4611 4658 4682 4808 4821 5019 5054 5081 5082 5190 5317 5357 5359 5490 5506 5538 5625 5641 5761 5764 5979 6010 6012 6060 6083 6127 6206 6221 6245 6246 6247 6248 6277 6281 6285 6331 6364 6367 6391 6393 6431 6433 6463 6474 6481 6576 6585 6616 6671 6740 6777 6814 7093 7114 7135 8305
47 96 109 283 325 1150 1159 1302 1335 1358 1395 1455 1478 1650 1668 1724 1927 2001 2005 2256 2544 2638 2863 2935 3144 3338 3386 3463 3553 3653 3704 3755 3792 3912 4086 4139 4404 4818 4834 4849 4896 4905 4923 5066 5147 5179 5180 5212 5406 5449 5561 5601 5648 5860 5910 5977 6098 6269 6547 6569 6572 6629 6632 6819 6897 7064 7133 7368 7377 7458 7519 7639 7714 7795 7808 7880 7898 8055 8299 8339 9008
153 194 357 399 726 775 787 791 797 827 968 1463 1475 1480 1735 1749 1793 1811 1893 2043 2050 2061 2085 2587 2588 2601 2602 2606 2622 2637 2645 2855 2899 3188 3346 3469 3473 3532 3686 3726 3779 3783 3917 3933 3965 4122 4231 4422 4461 4469 4500 4553 4563 4578 4668 4692 4693 4713 4714 4728 4777 4801 4855 4874 4877 4879 4886 4889 4892 4920 4924 4981 5048 5094 5102 5105 5133 5137 5154 5198 5208 5242 5286 5287 5288 5300 5711 5720 5723 5724 5791 5792 5802 5877 5895 5927 6002 6005 6116 6124 6144 6290 6312 6321 6335 6424 6448 6511 6512 6846 6848 6901 6926 7152 7154 7155 7158 7161 7162 7163 7165 7227 7232 7235 7240 7253 7264 7309 7313 7321 7400 7405 7415 7420 7432 7433 7440 7486 7712 7786 7798 7860 7923 7934 7951 8114 8116 8130 8261 8420 8575 9042
46 64 75 134 188 299 332 336 459 533 567 655 672 696 745 834 837 841 857 939 975 1049 1057 1080 1122 1142 1145 1309 1429 1466 1520 1544 1567 1643 1645 1690 1697 1755 1858 1937 2058 2072 2149 2162 2165 2286 2354 2405 2445 2523 2528 2547 2563 2577 2718 2735 2798 3042 3118 3127 3145 3391 3398 3405 3431 3555 3657 3660 3719 3832 3915 4019 4025 4073 4126 4224 4294 4349 4416 4564 4670 4675 4737 4902 4909 4930 4962 4982 4997 5028 5044 5049 5077 5364 5365 5366 5371 5487 5767 5795 5871 6045 6061 6066 6078 6079 6080 6135 6198 6404 6471 6525 6618 6621 6658 6827 6847 6861 6871 6977 7005 7014 7110 7118 7207 7208 7209 7285 7379 7556 7609 7612 7645 7664 7668 7669 7688 7719 7736 7813 7816 7836 7851 7974 8097 8099 8121 8150 8176 8208 8232 8235 8237 8240 8242 8255 8315 8318 8324 8326 8376 8410 8520 8563 8614 8698 8715 8760 8774 8825 8833 8892
122 131 135 139 143 146 434 469 521 584 675 681 798 824 884 891 1003 1225 1301 1332 1357 1374 1424 1499 1680 1729 1744 1750 1761 1872 1964 2068 2106 2156 2200 2261 2275 2507 2509 2658 2805 2880 2952 3140 3351 3353 3354 3425 3432 3445 3447 3448 3574 3632 3734 3818 4051 4106 4162 4215 4522 4527 4554 4654 4712 4787 4798 4894 5091 5098 5142 5394 5655 5888 5904 5918 5945 5978 6059 6110 6164 6411 6628 6643 6644 6678 6692 6756 6762 6763 6767 6798 6820 6838 6855 6902 6931 7086 7145 7146 7228 7241 7282 7283 7300 7335 7348 7349 7411 7495 7761 7815 7831 7858 7884 7914 7917 7928 7962 7970 8077 8080 8085 8127 8131 8132 8181 8207 8233 8418 8424 8435 8481 8648 9022
19 710 1097 1111 1228 1236 1279 1319 1821 1898 2265 2626 2886 2903 3014 3410 3495 3711 3752 3757 3854 3866 3892 3975 4053 4439 4477 4744 4864 4898 5571 5645 5782 5892 5924 5971 6009 6017 6035 6096 6121 6207 6266 7340 7449 7468 7514 7521 7543 7557 7650 7727 7805 7820 7829 7848 7849 7863 7905 8083 8141 8218 8221 8258 8309 8329 8416 8429 8447 8450 8451 8534 8578 8588 8643 8678 8693 8705 8707 8730 8743 8744 8749 8755 8757 8780 8785 8791 8793 8795 8798 8827 8887 8957 8987 8993 8995 8999 9004 9005 9007 9011 9018 9020
17 25 132 164 169 174 192 258 268 287 296 311 334 338 377 403 591 725 736 746 750 817 831 878 976 1030 1032 1053 1064 1098 1126 1199 1266 1311 1312 1364 1369 1377 1389 1390 1420 1444 1450 1462 1496 1528 1610 1620 1632 1687 1718 1736 1737 1752 1783 1803 1807 1818 1834 1875 1884 1886 1896 2012 2020 2039 2070 2089 2097 2107 2124 2169 2174 2184 2239 2253 2291 2294 2320 2324 2330 2337 2338 2345 2363 2396 2416 2497 2539 2576 2667 2696 2712 2724 2727 2847 2889 2906 2920 3004 3023 3098 3105 3135 3207 3215 3261 3296 3333 3501 3525 3526 3543 3556 3650 3695 3700 3714 3720 3745 3759 3760 3833 3885 3889 3891 3909 3945 3984 3985 3994 4005 4027 4043 4083 4087 4089 4136 4159 4166 4172 4234 4252 4258 4260 4264 4361 4412 4551 4558 4605 4612 4651 4719 4732 4761 4880 4881 4921 4927 4929 4946 4958 5127 5132 5148 5155 5157 5193 5209 5236 5265 5305 5375 5425 5434 5444 5511 5548 5549 5558 5604 5621 5629 5671 5704 5708 5727 5837 5853 5911 5928 5940 5976 6016 6019 6038 6065 6073 6101 6125 6167 6216 6224 6301 6319 6324 6389 6536 6556 6563 6567 6581 6687 6792 6813 6829 6868 6877 6888 6896 6906 6909 6910 6914 6951 6989 7013 7037 7043 7104 7119 7200 7259 7271 7276 7298 7319 7337 7418 7527 7549 7551 7562 7568 7656 7663 7679 7689 7697 7705 7720 7734 7737 7754 7764 7767 7778 7814 7843 7906 7967 7972 7973 7993 8095 8148 8159 8201 8205 8209 8216 8243 8247 8287 8346 8361 8395 8431 8454 8530 8554 8641 8704 8727 8753 8792 8810 8967 8979 9041
291 310 613 921 1289 1709 1742 1747 1791 1873 1894 1917 1986 2252 2263 2302 2731 2842 2850 2870 2877 2910 3009 3059 3092 3563 4147 4155 4158 4221 4408 4411 5032 5076 5289 5345 5386 5631 5828 6024 6349 6809 6830 7404 7686 7964 8020 8066 8170 8178 8230 8574 9039
76 155 180 329 520 657 825 985 1046 1051 1197 1204 1273 1310 1367 1373 1376 1464 1465 1560 1670 1723 1798 1801 1990 2121 2211 2351 2410 2450 2500 2524 2636 2721 2733 2874 2885 2907 3148 3322 3403 3545 3558 3658 3674 3846 3865 4244 4311 4709 4754 4796 4947 4967 4983 4991 5020 5114 5471 5660 5737 5915 6461 6584 6652 6884 7097 7101 7122 7329 7339 7431 7589 7633 7693 7735 7807 8023 8204 8210 8295 8373 8382 8462 8519 8600 8763 8826 8935 8972 8974 8982
267 276 363 468 739 802 832 1078 1143 1269 1401 1470 2130 2148 2271 2328 2387 2475 2739 2753 2818 2980 3159 3635 3723 3778 3925 3970 4118 4183 4435 4440 4508 4526 4533 4596 4806 4831 4854 4859 4925 5012 5109 5149 5235 5362 5441 5475 5551 5677 5709 5819 5822 5908 5920 5932 6049 6093 6094 6104 6109 6186 6210 6215 6284 6354 6379 6435 6438 6460 6513 6541 6548 6550 6551 6574 6587 6630 6664 7215 7279 7301 7363 7399 7430 7437 7444 7447 7456 7457 7526 7648 7722 7751 7864 7925 8000 8413 8441 8444 8445 8494 8738 8739 8750 8756 8764 8777 8779 8841 8851 8858 8880 8917 8938 9017 9029 9034
601 602 636 906 915 1497 1504 1556 1593 1692 1776 2720 2931 2932 3181 3313 3744 3808 4223 4275 4453 5201 5400 5437 5689 5694 5781 5907 6314 6326 6353 6355 6523 7354 7467 7476
29 89 148 210 282 395 414 452 475 499 614 619 671 679 856 934 941 1001 1008 1022 1042 1109 1161 1169 1200 1211 1214 1219 1278 1284 1314 1354 1365 1407 1457 1490 1638 1654 1667 1849 1851 1888 1934 1974 1997 2030 2034 2132 2152 2177 2230 2241 2488 2518 2591 2690 2714 2752 2782 2796 2809 2822 2823 2896 3109 3113 3117 3128 3274 3319 3330 3342 3361 3384 3392 3407 3412 3459 3490 3498 3521 3538 3554 3560 3561 3564 3582 3590 3642 3787 3789 3794 3796 3797 3839 3914 3989 4028 4114 4123 4237 4248 4263 4292 4312 4355 4367 4406 4532 4546 4568 4641 4707 4751 4771 4836 4899 4928 4937 4949 4977 5008 5011 5035 5124 5134 5244 5249 5272 5346 5392 5436 5470 5488 5510 5517 5519 5524 5527 5545 5577 5593 5649 5762 5829 5840 5862 5883 5890 5982 6021 6027 6054 6058 6168 6231 6258 6487 6601 6751 6753 6787 6790 6791 6796 6810 6886 6971 6994 7008 7016 7030 7052 7060 7071 7131 7269 7274 7477 7524 7560 7561 7580 7586 7596 7610 7620 7652 7657 7694 7744 7770 7796 7811 7822 7847 7877 7922 8040 8063 8068 8140 8149 8187 8194 8217 8219 8239 8288 8298 8317 8323 8332 8336 8355 8372 8379 8392 8394 8402 8409 8482 8564 8667 8775 8796 8847 8848 8879 8923 8926 8954 8968 8980
7 86 117 118 273 302 340 347 429 436 488 518 536 581 653 749 776 820 853 883 885 973 981 1035 1128 1133 1186 1189 1404 1603 1682 1833 1871 2063 2380 2494 2513 2692 2723 2832 2846 2852 3071 3072 3132 3141 3142 3146 3160 3166 3276 3325 3393 3747 3868 3900 3935 4163 4638 4704 4772 5027 5108 5203 5215 5233 5307 5322 5323 5338 5395 5405 5491 5493 5560 5613 5615 5644 5665 5692 5712 5760 5797 5810 5893 5914 5951 6023 6160 6197 6273 6275 6276 6297 6399 6413 6469 6470 6520 6602 6608 6721 6876 7254 7370 7484 7499 7510 7563 7618 7642 7733 7830 7835 7875 7891 7901 8070 8196 8354 8493 8504 8640 8686
121 265 295 330 471 496 502 508 540 737 755 759 907 908 931 1016 1026 1048 1099 1101 1157 1168 1222 1267 1293 1294 1321 1351 1393 1437 1441 1458 1538 1615 1657 1814 1870 1918 1940 1968 2128 2234 2272 2293 2326 2336 2376 2378 2427 2540 2548 2574 2627 2640 2763 2775 2925 2942 3008 3015 3020 3031 3104 3115 3149 3158 3194 3227 3237 3246 3287 3295 3298 3375 3435 3458 3483 3489 3492 3577 3594 3611 3626 3645 3668 3771 3850 3867 3877 3955 3996 4116 4131 4205 4300 4318 4321 4344 4368 4385 4414 4423 4425 4470 4488 4493 4537 4619 4627 4708 4763 4807 4813 4816 4910 4975 5041 5047 5055 5062 5153 5159 5188 5189 5266 5290 5387 5393 5422 5424 5426 5473 5550 5552 5768 5800 5815 5851 5852 5925 6000 6003 6011 6070 6089 6151 6156 6204 6279 6332 6361 6384 6395 6408 6418 6441 6454 6462 6496 6503 6599 6667 6674 6737 6915 6999 7019 7065 7124 7128 7294 7314 7331 7350 7382 7470 7472 7565 7575 7587 7588 7592 7599 7622 7636 7670 7691 7695 7702 7749 7753 7792 7794 7819 7821 7931 7971 7996 8062 8067 8082 8171 8173 8184 8224 8228 8244 8245 8304 8308 8310 8328 8334 8341 8345 8357 8358 8359 8393 8400 8404 8485 8672 8712 8721 8747 8806 8823 8828 8884 8903 8922 8943 8953 8969 9030
4 6 9 10 14 27 28 37 43 48 67 77 78 81 83 87 90 93 178 190 199 201 202 205 212 216 217 238 241 242 256 262 288 292 294 297 307 312 313 314 316 322 333 343 387 401 408 409 431 437 442 445 448 456 458 463 464 465 466 484 485 486 489 490 492 509 514 516 528 530 535 545 548 549 553 563 566 572 573 578 587 605 608 609 618 625 629 632 635 638 643 649 666 674 677 692 698 699 716 721 723 752 758 765 821 828 829 842 851 852 855 869 870 872 877 890 894 901 922 924 930 935 943 946 948 951 958 960 966 980 984 995 1000 1013 1024 1025 1033 1054 1062 1063 1065 1067 1071 1077 1090 1105 1110 1136 1137 1140 1156 1175 1178 1183 1195 1205 1212 1381 1518 1519 1526 1534 1536 1548 1562 1564 1568 1575 1580 1581 1582 1584 1586 1590 1591 1600 1602 1604 1622 1628 1629 1634 1635 1646 1656 1659 1662 1675 1676 1685 1691 1701 1708 1710 1712 1726 1734 1796 1808 1819 1827 1835 1841 1844 1853 1867 1869 1879 1887 1890 1892 1895 1905 1908 1909 1910 1919 1921 1938 1946 1950 1955 1963 1967 1977 1981 2014 2088 2096 2099 2101 2104 2110 2112 2119 2120 2127 2135 2139 2153 2163 2164 2170 2176 2193 2201 2204 2212 2219 2238 2257 2333 2339 2340 2341 2343 2346 2349 2358 2364 2366 2368 2371 2390 2392 2395 2399 2406 2421 2430 2434 2435 2436 2463 2471 2472 2477 2478 2479 2481 2483 2486 2490 2505 2516 2517 2526 2531 2532 2534 2552 2562 2566 2571 2573 2639 2648 2649 2650 2653 2655 2656 2665 2673 2675 2686 2687 2688 2691 2694 2703 2711 2722 2726 2732 2736 2743 2747 2750 2756 2766 2769 2774 2776 2778 2788 2790 2801 2804 2812 2820 2821 2824 2829 2833 2836 2838 2843 2905 2914 2917 2923 2927 2934 2938 2943 2945 2956 2957 2963 2968 2985 2987 2999 3010 3011 3026 3044 3070 3081 3084 3087 3096 3101 3107 3108 3110 3111 3114 3116 3221 3222 3224 3235 3239 3240 3242 3245 3248 3251 3259 3267 3270 3271 3272 3288 3303 3327 3328 3331 3359 3374 3376 3378 3381 3388 3394 3396 3404 3413 3418 3474 3491 3512 3513 3518 3562 3565 3567 3573 3600 3602 3604 3622 3633 3646 3659 3661 3665 3772 3775 3777 3780 3788 3795 3799 3800 3802 3806 3812 3815 3829 3835 3845 3894 3918 4009 4010 4012 4013 4023 4031 4044 4058 4060 4062 4065 4066 4077 4088 4094 4097 4101 4104 4109 4115 4138 4148 4161 4173 4235 4238 4240 4251 4254 4256 4259 4278 4279 4282 4303 4306 4310 4326 4329 4331 4339 4341 4359 4372 4373 4378 4380 4396 4400 4407 4431 4480 4481 4497 4506 4555 4560 4575 4579 4584 4586 4589 4591 4626 4628 4637 4643 4660 4665 4672 4676 4681 4687 4740 4745 4746 4752 4756 4764 4779 4790 4800 4802 4819 4824 4945 4951 4952 4953 4972 4984 4986 4987 4989 5002 5005 5006 5007 5030 5031 5040 5063 5064 5065 5070 5078 5161 5162 5164 5169 5174 5176 5177 5223 5231 5247 5248 5250 5251 5257 5261 5262 5264 5277 5284 5291 5294 5313 5316 5339 5361 5428 5430 5476 5477 5480 5485 5500 5504 5514 5515 5526 5530 5533 5555 5572 5576 5600 5628 5634 5646 5657 5668 5739 5747 5749 5769 5773 5799 5803 5807 5814 5827 5831 5835 5836 5838 5857 5858 5866 5870 5944 5956 5960 5967 5994 5998 6013 6031 6142 6150 6157 6158 6180 6193 6194 6195 6214 6217 6259 6336 6339 6344 6345 6348 6350 6360 6363 6372 6412 6416 6417 6427 6428 6429 6437 6446 6451 6490 6494 6560 6565 6571 6612 6624 6635 6639 6649 6650 6651 6670 6704 6709 6729 6750 6760 6805 6825 6936 6941 6965 6966 6970 6978 6979 6981 6996 7017 7047 7056 7059 7063 7080 7087 7089 7091 7095 7103 7123 7168 7172 7173 7174 7181 7189 7198 7204 7288 7289 7290 7600 7607 7614 7616 7623 7629 7635 7653 7674 7743 7773 7784 7801 7802 7824 7825 7834 7838 7975 7979 7981 7983 7990 8008 8016 8017 8047 8049 8050 8089 8157 8206 8212 8229 8231 8236 8251 8289 8290 8291 8296 8303 8306 8316 8321 8342 8343 8348 8365 8366 8369 8377 8386 8399 8403 8406 8452 8456 8457 8458 8459 8460 8461 8463 8465 8468 8469 8470 8471 8472 8473 8474 8476 8477 8479 8480 8483 8484 8486 8487 8488 8489 8491 8495 8497 8498 8499 8501 8502 8503 8510 8513 8515 8516 8517 8518 8521 8522 8523 8525 8526 8527 8529 8533 8535 8536 8537 8541 8543 8544 8545 8548 8550 8551 8553 8555 8558 8559 8560 8561 8562 8565 8568 8569 8570 8572 8573 8576 8577 8579 8580 8581 8583 8587 8593 8594 8596 8597 8599 8601 8602 8603 8605 8606 8607 8608 8613 8615 8616 8617 8619 8620 8621 8623 8627 8628 8629 8630 8632 8634 8635 8637 8638 8644 8645 8647 8649 8653 8655 8656 8657 8658 8659 8665 8669 8676 8677 8684 8685 8688 8689 8699 8700 8702 8703 8706 8708 8709 8711 8714 8716 8718 8720 8722 8723 8724 8726 8728 8729 8732 8735 8736 8742 8746 8748 8751 8752 8754 8759 8761 8762 8766 8767 8770 8773 8776 8781 8782 8783 8784 8787 8788 8789 8797 8799 8800 8805 8811 8812 8813 8816 8819 8820 8829 8831 8834 8835 8837 8838 8840 8846 8849 8853 8856 8859 8860 8864 8865 8868 8872 8876 8877 8883 8885 8886 8888 8890 8891 8894 8895 8896 8898 8900 8906 8907 8908 8909 8910 8911 8912 8913 8916 8919 8921 8929 8933 8939 8940 8941 8944 8949 8950 8951 8952 8959 8961 8964 8971 8975 8976 8977 8984 8985 8986 8989 8991 8994 8998 9003 9006
142 356 384 1486 1511 1746 1760 1817 2044 2067 2069 2074 2079 2080 2285 2598 2600 2851 3470 3731 3967 3971 4191 4225 4434 4436 4517 4706 4734 4931 5714 6294 6553 6568 7159 7310 7374 7397 7909 7910 8101 8120 8129
35 36 44 45 52 731 1139 1223 1721 1725 2025 2028 2608 3370 3372 3655 3838 4011 4137 4271 4544 4621 4656 4657 5943 6192 6351 6684 6785 6801 6806 6990 7001 7009 7036 7570 8330 8397 8531 8538 8549 8591 8873 8874 8902 8937 8970
32 108 125 220 352 365 416 586 760 778 788 862 896 1144 1220 1242 1398 1416 1425 1739 1779 1780 1866 1881 2047 2048 2250 2258 2259 2389 2425 2677 2698 2779 3002 3003 3163 3165 3170 3638 3641 4103 4105 4144 4193 4267 4390 4448 4702 4717 4850 5043 5167 5385 5483 5509 5661 5697 5736 5780 5786 5886 5974 6040 6046 6055 6056 6103 6313 6488 6645 6655 6680 6688 6705 6843 6867 6956 7049 7302 7312 7322 7352 7630 8142 8254 8302 8362 8387 8396 8557 8592 8807 9040
301 309 350 393 453 461 557 718 861 910 942 1019 1068 1198 1209 1218 1253 1275 1307 1325 1391 1394 1402 1409 1446 1453 1719 1931 1996 2029 2182 2331 2409 2422 2527 2550 2700 2730 2799 3335 3478 3481 3493 3801 3804 3855 3861 4050 4119 4125 4337 4483 4618 4794 4814 4950 4971 4973 4978 4992 5003 5071 5074 5145 5195 5225 5368 5390 5401 5410 5435 5618 5702 5744 5753 5832 5948 5954 5988 6165 6242 6615 6722 6745 7032 7045 7157 7280 7320 7344 7373 7403 7439 7469 7502 7685 7779 7790 7799 7810 7946 7969 8056 8072 8081 8182 8286 8385 8405 8423 8598 8692 8818 8852 8918
112 123 124 165 175 555 562 645 753 771 781 795 806 1103 1243 1337 1396 1421 1422 1482 1588 1711 1713 1720 1751 1815 1914 1962 2008 2046 2049 2065 2066 2073 2086 2161 2181 2334 2423 2454 2740 2830 3013 3125 3137 3138 3154 3187 3266 3382 3424 3623 3738 3739 3740 3943 3948 4021 4063 4132 4347 4360 4402 4409 4466 4468 4471 4479 4482 4486 4594 4722 4747 4829 4888 4941 4966 5069 5075 5240 5256 5341 5467 5469 5879 5980 6067 6102 6233 6270 6278 6309 6378 6445 6498 6500 6504 6534 6598 6604 6726 6738 6741 6742 6743 6746 7250 7277 7410 7500 7529 7644 7797 7842 7956 7960 8038 8043 8682 9023
69 113 116 158 346 382 541 580 777 814 844 865 982 1009 1210 1252 1479 1527 1823 1857 2057 2084 2303 2313 2318 2772 2786 2856 2901 3940 3972 4689 5079 6090 6112 6117 7079 7105 7332 7441 7442 7522 7548 7781 7942 7986 8186 8260 8265 8280 8417 8427 8741 8845
98 209 234 235 441 624 876 1094 1112 1114 1326 1346 1350 1589 1601 1868 1880 1883 1973 2026 2391 2407 2707 2708 3275 3277 3284 3318 3409 3509 3536 3805 3825 3826 4080 4145 4298 4309 4547 4559 4570 4610 4780 4792 4957 5219 5457 5970 6200 6380 6398 6456 6625 6833 7201 7270 7275 7291 7330 7475 7590 7772 8018 8030 8033 8117 8164 8168 8322 8507 8540 8843 8844 8863
2 62 71 72 103 176 182 211 255 438 544 570 630 843 849 888 900 905 914 926 1095 1123 1387 1428 1531 1543 1558 1623 1642 1730 1978 2015 2114 2122 2126 2335 2474 2745 2797 2893 3006 3041 3209 3212 3268 3278 3282 3497 3499 3505 3589 3591 3768 3816 3817 3874 3898 4001 4024 4033 4047 4049 4255 4305 4313 4324 4325 4393 4405 4523 4577 4667 4674 4743 4795 4803 4812 4822 4974 5015 5061 5146 5150 5237 5269 5321 5598 5626 5630 5763 5776 6213 6261 6373 6407 6472 6530 6590 6611 6749 6891 6945 6950 7035 7164
